-5.000000000000000000e+01 7.599999999999999645e+00
-5.032926829268292579e+01 7.885365853658536039e+00
-5.065853658536585158e+01 8.170731707317072434e+00
-5.098780487804877737e+01 8.456097560975608829e+00
-5.131707317073171026e+01 8.741463414634145224e+00
-5.164634146341463605e+01 9.026829268292683395e+00
-5.197560975609756184e+01 9.312195121951219789e+00
-5.230487804878048763e+01 9.597560975609756184e+00
-5.263414634146341342e+01 9.882926829268292579e+00
-5.296341463414633921e+01 1.016829268292682897e+01
-5.329268292682927211e+01 1.045365853658536537e+01
-5.362195121951219789e+01 1.073902439024390176e+01
-5.395121951219512368e+01 1.102439024390243816e+01
-5.428048780487804947e+01 1.130975609756097455e+01
-5.460975609756097526e+01 1.159512195121951095e+01
-5.493902439024390105e+01 1.188048780487804734e+01
-5.526829268292682684e+01 1.216585365853658374e+01
-5.559756097560975263e+01 1.245121951219512013e+01
-5.592682926829268553e+01 1.273658536585365653e+01
-5.625609756097561132e+01 1.302195121951219470e+01
-5.658536585365853711e+01 1.330731707317073109e+01
-5.691463414634146289e+01 1.359268292682926749e+01
-5.724390243902438868e+01 1.387804878048780388e+01
-5.757317073170731447e+01 1.416341463414634028e+01
-5.790243902439024737e+01 1.444878048780487667e+01
-5.823170731707317316e+01 1.473414634146341484e+01
-5.856097560975609895e+01 1.501951219512195124e+01
-5.889024390243902474e+01 1.530487804878048763e+01
-5.921951219512195053e+01 1.559024390243902403e+01
-5.954878048780487632e+01 1.587560975609756042e+01
-5.987804878048780211e+01 1.616097560975609682e+01
-6.020731707317072789e+01 1.644634146341463321e+01
-6.053658536585366079e+01 1.673170731707316961e+01
-6.086585365853658658e+01 1.701707317073170600e+01
-6.119512195121951237e+01 1.730243902439024239e+01
-6.152439024390243816e+01 1.758780487804877879e+01
-6.185365853658536395e+01 1.787317073170731518e+01
-6.218292682926829684e+01 1.815853658536585158e+01
-6.251219512195122263e+01 1.844390243902439153e+01
-6.284146341463414842e+01 1.872926829268292437e+01
-6.317073170731707421e+01 1.901463414634146432e+01
-6.350000000000000000e+01 1.929999999999999716e+01
-6.382926829268292579e+01 1.958536585365853711e+01
-6.415853658536585158e+01 1.987073170731706995e+01
-6.448780487804877737e+01 2.015609756097560989e+01
-6.481707317073170316e+01 2.044146341463414274e+01
-6.514634146341462895e+01 2.072682926829268268e+01
-6.547560975609755474e+01 2.101219512195121553e+01
-6.580487804878049474e+01 2.129756097560975547e+01
-6.613414634146342053e+01 2.158292682926829187e+01
-6.646341463414634632e+01 2.186829268292682826e+01
-6.679268292682927211e+01 2.215365853658536466e+01
-6.712195121951219789e+01 2.243902439024390105e+01
-6.745121951219512368e+01 2.272439024390243745e+01
-6.778048780487804947e+01 2.300975609756097384e+01
-6.810975609756097526e+01 2.329512195121951024e+01
-6.843902439024390105e+01 2.358048780487804663e+01
-6.876829268292682684e+01 2.386585365853658658e+01
-6.909756097560975263e+01 2.415121951219511942e+01
-6.942682926829269263e+01 2.443658536585365937e+01
-6.975609756097560421e+01 2.472195121951219221e+01
-7.008536585365854421e+01 2.500731707317073216e+01
-7.041463414634145579e+01 2.529268292682926500e+01
-7.074390243902439579e+01 2.557804878048780495e+01
-7.107317073170732158e+01 2.586341463414633779e+01
-7.140243902439024737e+01 2.614878048780487774e+01
-7.173170731707317316e+01 2.643414634146341058e+01
-7.206097560975609895e+01 2.671951219512195053e+01
-7.239024390243902474e+01 2.700487804878048337e+01
-7.271951219512195053e+01 2.729024390243902332e+01
-7.304878048780487632e+01 2.757560975609755616e+01
-7.337804878048780211e+01 2.786097560975609611e+01
-7.370731707317072789e+01 2.814634146341462895e+01
-7.403658536585365368e+01 2.843170731707316889e+01
-7.436585365853659368e+01 2.871707317073170174e+01
-7.469512195121950526e+01 2.900243902439024168e+01
-7.502439024390244526e+01 2.928780487804878163e+01
-7.535365853658537105e+01 2.957317073170731447e+01
-7.568292682926829684e+01 2.985853658536585442e+01
-7.601219512195122263e+01 3.014390243902438726e+01
-7.634146341463414842e+01 3.042926829268292721e+01
-7.667073170731707421e+01 3.071463414634146005e+01
-7.700000000000000000e+01 3.100000000000000000e+01
-7.664473684210526017e+01 3.125000000000000000e+01
-7.628947368421052033e+01 3.150000000000000000e+01
-7.593421052631579471e+01 3.175000000000000000e+01
-7.557894736842105488e+01 3.200000000000000000e+01
-7.522368421052631504e+01 3.225000000000000000e+01
-7.486842105263157521e+01 3.250000000000000000e+01
-7.451315789473683537e+01 3.275000000000000000e+01
-7.415789473684210975e+01 3.300000000000000000e+01
-7.380263157894736992e+01 3.325000000000000000e+01
-7.344736842105263008e+01 3.350000000000000000e+01
-7.309210526315789025e+01 3.375000000000000000e+01
-7.273684210526315042e+01 3.400000000000000000e+01
-7.238157894736842479e+01 3.425000000000000000e+01
-7.202631578947368496e+01 3.450000000000000000e+01
-7.167105263157894512e+01 3.475000000000000000e+01
-7.131578947368420529e+01 3.500000000000000000e+01
-7.096052631578947967e+01 3.525000000000000000e+01
-7.060526315789473983e+01 3.550000000000000000e+01
-7.025000000000000000e+01 3.575000000000000000e+01
-6.989473684210526017e+01 3.600000000000000000e+01
-6.953947368421052033e+01 3.625000000000000000e+01
-6.918421052631579471e+01 3.650000000000000000e+01
-6.882894736842105488e+01 3.675000000000000000e+01
-6.847368421052631504e+01 3.700000000000000000e+01
-6.811842105263157521e+01 3.725000000000000000e+01
-6.776315789473684958e+01 3.750000000000000000e+01
-6.740789473684210975e+01 3.775000000000000000e+01
-6.705263157894736992e+01 3.800000000000000000e+01
-6.669736842105263008e+01 3.825000000000000000e+01
-6.634210526315789025e+01 3.850000000000000000e+01
-6.598684210526315042e+01 3.875000000000000000e+01
-6.563157894736842479e+01 3.900000000000000000e+01
-6.527631578947368496e+01 3.925000000000000000e+01
-6.492105263157894512e+01 3.950000000000000000e+01
-6.456578947368420529e+01 3.975000000000000000e+01
-6.421052631578947967e+01 4.000000000000000000e+01
-6.385526315789473983e+01 4.025000000000000000e+01
-6.350000000000000000e+01 4.050000000000000000e+01
-6.314473684210526017e+01 4.075000000000000000e+01
-6.278947368421052744e+01 4.100000000000000000e+01
-6.243421052631578760e+01 4.125000000000000000e+01
-6.207894736842105488e+01 4.150000000000000000e+01
-6.172368421052631504e+01 4.175000000000000000e+01
-6.136842105263157521e+01 4.200000000000000000e+01
-6.101315789473684248e+01 4.225000000000000000e+01
-6.065789473684210975e+01 4.250000000000000000e+01
-6.030263157894736992e+01 4.275000000000000000e+01
-5.994736842105263008e+01 4.300000000000000000e+01
-5.959210526315789025e+01 4.325000000000000000e+01
-5.923684210526315752e+01 4.350000000000000000e+01
-5.888157894736842479e+01 4.375000000000000000e+01
-5.852631578947368496e+01 4.400000000000000000e+01
-5.817105263157894512e+01 4.425000000000000000e+01
-5.781578947368421240e+01 4.450000000000000000e+01
-5.746052631578947256e+01 4.475000000000000000e+01
-5.710526315789473983e+01 4.500000000000000000e+01
-5.675000000000000000e+01 4.525000000000000000e+01
-5.639473684210526017e+01 4.550000000000000000e+01
-5.603947368421052744e+01 4.575000000000000000e+01
-5.568421052631579471e+01 4.600000000000000000e+01
-5.532894736842105488e+01 4.625000000000000000e+01
-5.497368421052631504e+01 4.650000000000000000e+01
-5.461842105263157521e+01 4.675000000000000000e+01
-5.426315789473684248e+01 4.700000000000000000e+01
-5.390789473684210975e+01 4.725000000000000000e+01
-5.355263157894736992e+01 4.750000000000000000e+01
-5.319736842105263008e+01 4.775000000000000000e+01
-5.284210526315789025e+01 4.800000000000000000e+01
-5.248684210526315752e+01 4.825000000000000000e+01
-5.213157894736842479e+01 4.850000000000000000e+01
-5.177631578947368496e+01 4.875000000000000000e+01
-5.142105263157894512e+01 4.900000000000000000e+01
-5.106578947368421240e+01 4.925000000000000000e+01
-5.071052631578947256e+01 4.950000000000000000e+01
-5.035526315789473983e+01 4.975000000000000000e+01
-5.000000000000000000e+01 5.000000000000000000e+01
-5.000000000000000000e+01 5.042105263157894512e+01
-5.000000000000000000e+01 5.084210526315789735e+01
-5.000000000000000000e+01 5.126315789473684248e+01
-5.000000000000000000e+01 5.168421052631578760e+01
-5.000000000000000000e+01 5.210526315789473983e+01
-5.000000000000000000e+01 5.252631578947368496e+01
-5.000000000000000000e+01 5.294736842105263008e+01
-5.000000000000000000e+01 5.336842105263157521e+01
-5.000000000000000000e+01 5.378947368421052744e+01
-5.000000000000000000e+01 5.421052631578947256e+01
-5.000000000000000000e+01 5.463157894736842479e+01
-5.000000000000000000e+01 5.505263157894736992e+01
-5.000000000000000000e+01 5.547368421052631504e+01
-5.000000000000000000e+01 5.589473684210526017e+01
-5.000000000000000000e+01 5.631578947368421240e+01
-5.000000000000000000e+01 5.673684210526315752e+01
-5.000000000000000000e+01 5.715789473684210265e+01
-5.000000000000000000e+01 5.757894736842105488e+01
-5.000000000000000000e+01 5.800000000000000000e+01
-4.957894736842105488e+01 5.800000000000000000e+01
-4.915789473684210265e+01 5.800000000000000000e+01
-4.873684210526315752e+01 5.800000000000000000e+01
-4.831578947368421240e+01 5.800000000000000000e+01
-4.789473684210526017e+01 5.800000000000000000e+01
-4.747368421052631504e+01 5.800000000000000000e+01
-4.705263157894736992e+01 5.800000000000000000e+01
-4.663157894736842479e+01 5.800000000000000000e+01
-4.621052631578947256e+01 5.800000000000000000e+01
-4.578947368421052744e+01 5.800000000000000000e+01
-4.536842105263157521e+01 5.800000000000000000e+01
-4.494736842105263008e+01 5.800000000000000000e+01
-4.452631578947368496e+01 5.800000000000000000e+01
-4.410526315789473983e+01 5.800000000000000000e+01
-4.368421052631578760e+01 5.800000000000000000e+01
-4.326315789473684248e+01 5.800000000000000000e+01
-4.284210526315789735e+01 5.800000000000000000e+01
-4.242105263157894512e+01 5.800000000000000000e+01
-4.200000000000000000e+01 5.800000000000000000e+01
-4.169230769230769340e+01 5.830769230769230660e+01
-4.138461538461538680e+01 5.861538461538461320e+01
-4.107692307692308020e+01 5.892307692307691980e+01
-4.076923076923076650e+01 5.923076923076923350e+01
-4.046153846153845990e+01 5.953846153846154010e+01
-4.015384615384615330e+01 5.984615384615384670e+01
-3.984615384615384670e+01 6.015384615384615330e+01
-3.953846153846154010e+01 6.046153846153845990e+01
-3.923076923076923350e+01 6.076923076923076650e+01
-3.892307692307691980e+01 6.107692307692308020e+01
-3.861538461538461320e+01 6.138461538461538680e+01
-3.830769230769230660e+01 6.169230769230769340e+01
-3.800000000000000000e+01 6.200000000000000000e+01
-3.756250000000000000e+01 6.200000000000000000e+01
-3.712500000000000000e+01 6.200000000000000000e+01
-3.668750000000000000e+01 6.200000000000000000e+01
-3.625000000000000000e+01 6.200000000000000000e+01
-3.581250000000000000e+01 6.200000000000000000e+01
-3.537500000000000000e+01 6.200000000000000000e+01
-3.493750000000000000e+01 6.200000000000000000e+01
-3.450000000000000000e+01 6.200000000000000000e+01
-3.406250000000000000e+01 6.200000000000000000e+01
-3.362500000000000000e+01 6.200000000000000000e+01
-3.318750000000000000e+01 6.200000000000000000e+01
-3.275000000000000000e+01 6.200000000000000000e+01
-3.231250000000000000e+01 6.200000000000000000e+01
-3.187500000000000000e+01 6.200000000000000000e+01
-3.143750000000000000e+01 6.200000000000000000e+01
-3.100000000000000000e+01 6.200000000000000000e+01
-3.056250000000000000e+01 6.200000000000000000e+01
-3.012500000000000000e+01 6.200000000000000000e+01
-2.968750000000000000e+01 6.200000000000000000e+01
-2.925000000000000000e+01 6.200000000000000000e+01
-2.881250000000000000e+01 6.200000000000000000e+01
-2.837500000000000000e+01 6.200000000000000000e+01
-2.793750000000000000e+01 6.200000000000000000e+01
-2.750000000000000000e+01 6.200000000000000000e+01
-2.706250000000000000e+01 6.200000000000000000e+01
-2.662500000000000000e+01 6.200000000000000000e+01
-2.618750000000000000e+01 6.200000000000000000e+01
-2.575000000000000000e+01 6.200000000000000000e+01
-2.531250000000000000e+01 6.200000000000000000e+01
-2.487500000000000000e+01 6.200000000000000000e+01
-2.443750000000000000e+01 6.200000000000000000e+01
-2.400000000000000000e+01 6.200000000000000000e+01
-2.356250000000000000e+01 6.200000000000000000e+01
-2.312500000000000000e+01 6.200000000000000000e+01
-2.268750000000000000e+01 6.200000000000000000e+01
-2.225000000000000000e+01 6.200000000000000000e+01
-2.181250000000000000e+01 6.200000000000000000e+01
-2.137500000000000000e+01 6.200000000000000000e+01
-2.093750000000000000e+01 6.200000000000000000e+01
-2.050000000000000000e+01 6.200000000000000000e+01
-2.006250000000000000e+01 6.200000000000000000e+01
-1.962500000000000000e+01 6.200000000000000000e+01
-1.918750000000000000e+01 6.200000000000000000e+01
-1.875000000000000000e+01 6.200000000000000000e+01
-1.831250000000000000e+01 6.200000000000000000e+01
-1.787500000000000000e+01 6.200000000000000000e+01
-1.743750000000000000e+01 6.200000000000000000e+01
-1.700000000000000000e+01 6.200000000000000000e+01
-1.656250000000000000e+01 6.200000000000000000e+01
-1.612500000000000000e+01 6.200000000000000000e+01
-1.568750000000000000e+01 6.200000000000000000e+01
-1.525000000000000000e+01 6.200000000000000000e+01
-1.481250000000000000e+01 6.200000000000000000e+01
-1.437500000000000000e+01 6.200000000000000000e+01
-1.393750000000000000e+01 6.200000000000000000e+01
-1.350000000000000000e+01 6.200000000000000000e+01
-1.306250000000000000e+01 6.200000000000000000e+01
-1.262500000000000000e+01 6.200000000000000000e+01
-1.218750000000000000e+01 6.200000000000000000e+01
-1.175000000000000000e+01 6.200000000000000000e+01
-1.131250000000000000e+01 6.200000000000000000e+01
-1.087500000000000000e+01 6.200000000000000000e+01
-1.043750000000000000e+01 6.200000000000000000e+01
-1.000000000000000000e+01 6.200000000000000000e+01
-1.000000000000000000e+01 6.156164383561643660e+01
-1.000000000000000000e+01 6.112328767123287321e+01
-1.000000000000000000e+01 6.068493150684931692e+01
-1.000000000000000000e+01 6.024657534246575352e+01
-1.000000000000000000e+01 5.980821917808219013e+01
-1.000000000000000000e+01 5.936986301369863384e+01
-1.000000000000000000e+01 5.893150684931507044e+01
-1.000000000000000000e+01 5.849315068493150704e+01
-1.000000000000000000e+01 5.805479452054794365e+01
-1.000000000000000000e+01 5.761643835616438025e+01
-1.000000000000000000e+01 5.717808219178082396e+01
-1.000000000000000000e+01 5.673972602739726057e+01
-1.000000000000000000e+01 5.630136986301369717e+01
-1.000000000000000000e+01 5.586301369863014088e+01
-1.000000000000000000e+01 5.542465753424657748e+01
-1.000000000000000000e+01 5.498630136986301409e+01
-1.000000000000000000e+01 5.454794520547945069e+01
-1.000000000000000000e+01 5.410958904109588730e+01
-1.000000000000000000e+01 5.367123287671233101e+01
-1.000000000000000000e+01 5.323287671232876761e+01
-1.000000000000000000e+01 5.279452054794520421e+01
-1.000000000000000000e+01 5.235616438356164792e+01
-1.000000000000000000e+01 5.191780821917808453e+01
-1.000000000000000000e+01 5.147945205479452113e+01
-1.000000000000000000e+01 5.104109589041095774e+01
-1.000000000000000000e+01 5.060273972602739434e+01
-1.000000000000000000e+01 5.016438356164383805e+01
-1.000000000000000000e+01 4.972602739726027465e+01
-1.000000000000000000e+01 4.928767123287671126e+01
-1.000000000000000000e+01 4.884931506849315497e+01
-1.000000000000000000e+01 4.841095890410959157e+01
-1.000000000000000000e+01 4.797260273972602818e+01
-1.000000000000000000e+01 4.753424657534246478e+01
-1.000000000000000000e+01 4.709589041095890138e+01
-1.000000000000000000e+01 4.665753424657534509e+01
-1.000000000000000000e+01 4.621917808219178170e+01
-1.000000000000000000e+01 4.578082191780821830e+01
-1.000000000000000000e+01 4.534246575342466201e+01
-1.000000000000000000e+01 4.490410958904109862e+01
-1.000000000000000000e+01 4.446575342465753522e+01
-1.000000000000000000e+01 4.402739726027397182e+01
-1.000000000000000000e+01 4.358904109589040843e+01
-1.000000000000000000e+01 4.315068493150685214e+01
-1.000000000000000000e+01 4.271232876712328874e+01
-1.000000000000000000e+01 4.227397260273972535e+01
-1.000000000000000000e+01 4.183561643835616906e+01
-1.000000000000000000e+01 4.139726027397260566e+01
-1.000000000000000000e+01 4.095890410958904226e+01
-1.000000000000000000e+01 4.052054794520547887e+01
-1.000000000000000000e+01 4.008219178082191547e+01
-1.000000000000000000e+01 3.964383561643835918e+01
-1.000000000000000000e+01 3.920547945205479579e+01
-1.000000000000000000e+01 3.876712328767123239e+01
-1.000000000000000000e+01 3.832876712328767610e+01
-1.000000000000000000e+01 3.789041095890411270e+01
-1.000000000000000000e+01 3.745205479452054931e+01
-1.000000000000000000e+01 3.701369863013698591e+01
-1.000000000000000000e+01 3.657534246575342252e+01
-1.000000000000000000e+01 3.613698630136986623e+01
-1.000000000000000000e+01 3.569863013698630283e+01
-1.000000000000000000e+01 3.526027397260273943e+01
-1.000000000000000000e+01 3.482191780821918314e+01
-1.000000000000000000e+01 3.438356164383561975e+01
-1.000000000000000000e+01 3.394520547945205635e+01
-1.000000000000000000e+01 3.350684931506849296e+01
-1.000000000000000000e+01 3.306849315068492956e+01
-1.000000000000000000e+01 3.263013698630137327e+01
-1.000000000000000000e+01 3.219178082191780987e+01
-1.000000000000000000e+01 3.175342465753424648e+01
-1.000000000000000000e+01 3.131506849315068663e+01
-1.000000000000000000e+01 3.087671232876712679e+01
-1.000000000000000000e+01 3.043835616438356340e+01
-1.000000000000000000e+01 3.000000000000000000e+01
-1.043478260869565233e+01 3.000000000000000000e+01
-1.086956521739130466e+01 3.000000000000000000e+01
-1.130434782608695699e+01 3.000000000000000000e+01
-1.173913043478260931e+01 3.000000000000000000e+01
-1.217391304347826164e+01 3.000000000000000000e+01
-1.260869565217391397e+01 3.000000000000000000e+01
-1.304347826086956452e+01 3.000000000000000000e+01
-1.347826086956521685e+01 3.000000000000000000e+01
-1.391304347826086918e+01 3.000000000000000000e+01
-1.434782608695652151e+01 3.000000000000000000e+01
-1.478260869565217384e+01 3.000000000000000000e+01
-1.521739130434782616e+01 3.000000000000000000e+01
-1.565217391304347849e+01 3.000000000000000000e+01
-1.608695652173912904e+01 3.000000000000000000e+01
-1.652173913043478137e+01 3.000000000000000000e+01
-1.695652173913043370e+01 3.000000000000000000e+01
-1.739130434782608603e+01 3.000000000000000000e+01
-1.782608695652173836e+01 3.000000000000000000e+01
-1.826086956521739069e+01 3.000000000000000000e+01
-1.869565217391304301e+01 3.000000000000000000e+01
-1.913043478260869534e+01 3.000000000000000000e+01
-1.956521739130434767e+01 3.000000000000000000e+01
-2.000000000000000000e+01 3.000000000000000000e+01
-2.000000000000000000e+01 2.956078431372549176e+01
-2.000000000000000000e+01 2.912156862745097996e+01
-2.000000000000000000e+01 2.868235294117647172e+01
-2.000000000000000000e+01 2.824313725490195992e+01
-2.000000000000000000e+01 2.780392156862745168e+01
-2.000000000000000000e+01 2.736470588235293988e+01
-2.000000000000000000e+01 2.692549019607843164e+01
-2.000000000000000000e+01 2.648627450980391984e+01
-2.000000000000000000e+01 2.604705882352941160e+01
-2.000000000000000000e+01 2.560784313725490335e+01
-2.000000000000000000e+01 2.516862745098039156e+01
-2.000000000000000000e+01 2.472941176470588331e+01
-2.000000000000000000e+01 2.429019607843137152e+01
-2.000000000000000000e+01 2.385098039215686327e+01
-2.000000000000000000e+01 2.341176470588235503e+01
-2.000000000000000000e+01 2.297254901960784323e+01
-2.000000000000000000e+01 2.253333333333333144e+01
-2.000000000000000000e+01 2.209411764705882320e+01
-2.000000000000000000e+01 2.165490196078431495e+01
-2.000000000000000000e+01 2.121568627450980316e+01
-2.000000000000000000e+01 2.077647058823529491e+01
-2.000000000000000000e+01 2.033725490196078312e+01
-2.000000000000000000e+01 1.989803921568627487e+01
-2.000000000000000000e+01 1.945882352941176663e+01
-2.000000000000000000e+01 1.901960784313725483e+01
-2.000000000000000000e+01 1.858039215686274304e+01
-2.000000000000000000e+01 1.814117647058823479e+01
-2.000000000000000000e+01 1.770196078431372655e+01
-2.000000000000000000e+01 1.726274509803921831e+01
-2.000000000000000000e+01 1.682352941176470651e+01
-2.000000000000000000e+01 1.638431372549019471e+01
-2.000000000000000000e+01 1.594509803921568647e+01
-2.000000000000000000e+01 1.550588235294117645e+01
-2.000000000000000000e+01 1.506666666666666643e+01
-2.000000000000000000e+01 1.462745098039215641e+01
-2.000000000000000000e+01 1.418823529411764639e+01
-2.000000000000000000e+01 1.374901960784313815e+01
-2.000000000000000000e+01 1.330980392156862635e+01
-2.000000000000000000e+01 1.287058823529411811e+01
-2.000000000000000000e+01 1.243137254901960631e+01
-2.000000000000000000e+01 1.199215686274509807e+01
-2.000000000000000000e+01 1.155294117647058982e+01
-2.000000000000000000e+01 1.111372549019607803e+01
-2.000000000000000000e+01 1.067450980392156978e+01
-2.000000000000000000e+01 1.023529411764705799e+01
-2.000000000000000000e+01 9.796078431372549744e+00
-2.000000000000000000e+01 9.356862745098037948e+00
-2.000000000000000000e+01 8.917647058823529704e+00
-2.000000000000000000e+01 8.478431372549021461e+00
-2.000000000000000000e+01 8.039215686274509665e+00
-2.000000000000000000e+01 7.599999999999999645e+00
-2.043478260869565233e+01 7.599999999999999645e+00
-2.086956521739130466e+01 7.599999999999999645e+00
-2.130434782608695699e+01 7.599999999999999645e+00
-2.173913043478260931e+01 7.599999999999999645e+00
-2.217391304347826164e+01 7.599999999999999645e+00
-2.260869565217391397e+01 7.599999999999999645e+00
-2.304347826086956630e+01 7.599999999999999645e+00
-2.347826086956521863e+01 7.599999999999999645e+00
-2.391304347826087096e+01 7.599999999999999645e+00
-2.434782608695652328e+01 7.599999999999999645e+00
-2.478260869565217206e+01 7.599999999999999645e+00
-2.521739130434782794e+01 7.599999999999999645e+00
-2.565217391304347672e+01 7.599999999999999645e+00
-2.608695652173912904e+01 7.599999999999999645e+00
-2.652173913043478137e+01 7.599999999999999645e+00
-2.695652173913043370e+01 7.599999999999999645e+00
-2.739130434782608603e+01 7.599999999999999645e+00
-2.782608695652173836e+01 7.599999999999999645e+00
-2.826086956521739069e+01 7.599999999999999645e+00
-2.869565217391304301e+01 7.599999999999999645e+00
-2.913043478260869534e+01 7.599999999999999645e+00
-2.956521739130434767e+01 7.599999999999999645e+00
-3.000000000000000000e+01 7.599999999999999645e+00
-3.043478260869565233e+01 7.599999999999999645e+00
-3.086956521739130466e+01 7.599999999999999645e+00
-3.130434782608695699e+01 7.599999999999999645e+00
-3.173913043478260931e+01 7.599999999999999645e+00
-3.217391304347825809e+01 7.599999999999999645e+00
-3.260869565217391397e+01 7.599999999999999645e+00
-3.304347826086956275e+01 7.599999999999999645e+00
-3.347826086956521863e+01 7.599999999999999645e+00
-3.391304347826086740e+01 7.599999999999999645e+00
-3.434782608695652328e+01 7.599999999999999645e+00
-3.478260869565217206e+01 7.599999999999999645e+00
-3.521739130434782794e+01 7.599999999999999645e+00
-3.565217391304347672e+01 7.599999999999999645e+00
-3.608695652173912549e+01 7.599999999999999645e+00
-3.652173913043478137e+01 7.599999999999999645e+00
-3.695652173913043725e+01 7.599999999999999645e+00
-3.739130434782608603e+01 7.599999999999999645e+00
-3.782608695652173481e+01 7.599999999999999645e+00
-3.826086956521739069e+01 7.599999999999999645e+00
-3.869565217391304657e+01 7.599999999999999645e+00
-3.913043478260869534e+01 7.599999999999999645e+00
-3.956521739130434412e+01 7.599999999999999645e+00
-4.000000000000000000e+01 7.599999999999999645e+00
-4.043478260869565588e+01 7.599999999999999645e+00
-4.086956521739130466e+01 7.599999999999999645e+00
-4.130434782608695343e+01 7.599999999999999645e+00
-4.173913043478260931e+01 7.599999999999999645e+00
-4.217391304347826519e+01 7.599999999999999645e+00
-4.260869565217391397e+01 7.599999999999999645e+00
-4.304347826086956275e+01 7.599999999999999645e+00
-4.347826086956521863e+01 7.599999999999999645e+00
-4.391304347826086740e+01 7.599999999999999645e+00
-4.434782608695651618e+01 7.599999999999999645e+00
-4.478260869565217206e+01 7.599999999999999645e+00
-4.521739130434782794e+01 7.599999999999999645e+00
-4.565217391304347672e+01 7.599999999999999645e+00
-4.608695652173912549e+01 7.599999999999999645e+00
-4.652173913043478137e+01 7.599999999999999645e+00
-4.695652173913043725e+01 7.599999999999999645e+00
-4.739130434782608603e+01 7.599999999999999645e+00
-4.782608695652173481e+01 7.599999999999999645e+00
-4.826086956521739069e+01 7.599999999999999645e+00
-4.869565217391304657e+01 7.599999999999999645e+00
-4.913043478260869534e+01 7.599999999999999645e+00
-4.956521739130434412e+01 7.599999999999999645e+00
-5.000000000000000000e+01 7.599999999999999645e+00
