-1.800000000000000000e+02 -5.600000000000000000e+01
-1.795602836879432687e+02 -5.600000000000000000e+01
-1.791205673758865373e+02 -5.600000000000000000e+01
-1.786808510638297776e+02 -5.600000000000000000e+01
-1.782411347517730462e+02 -5.600000000000000000e+01
-1.778014184397163149e+02 -5.600000000000000000e+01
-1.773617021276595835e+02 -5.600000000000000000e+01
-1.769219858156028238e+02 -5.600000000000000000e+01
-1.764822695035460924e+02 -5.600000000000000000e+01
-1.760425531914893611e+02 -5.600000000000000000e+01
-1.756028368794326298e+02 -5.600000000000000000e+01
-1.751631205673758984e+02 -5.600000000000000000e+01
-1.747234042553191387e+02 -5.600000000000000000e+01
-1.742836879432624073e+02 -5.600000000000000000e+01
-1.738439716312056760e+02 -5.600000000000000000e+01
-1.734042553191489446e+02 -5.600000000000000000e+01
-1.729645390070921849e+02 -5.600000000000000000e+01
-1.725248226950354535e+02 -5.600000000000000000e+01
-1.720851063829787222e+02 -5.600000000000000000e+01
-1.716453900709219909e+02 -5.600000000000000000e+01
-1.712056737588652595e+02 -5.600000000000000000e+01
-1.707659574468084998e+02 -5.600000000000000000e+01
-1.703262411347517684e+02 -5.600000000000000000e+01
-1.698865248226950371e+02 -5.600000000000000000e+01
-1.694468085106383057e+02 -5.600000000000000000e+01
-1.690070921985815744e+02 -5.600000000000000000e+01
-1.685673758865248146e+02 -5.600000000000000000e+01
-1.681276595744680833e+02 -5.600000000000000000e+01
-1.676879432624113520e+02 -5.600000000000000000e+01
-1.672482269503546206e+02 -5.600000000000000000e+01
-1.668085106382978609e+02 -5.600000000000000000e+01
-1.663687943262411295e+02 -5.600000000000000000e+01
-1.659290780141843982e+02 -5.600000000000000000e+01
-1.654893617021276668e+02 -5.600000000000000000e+01
-1.650496453900709071e+02 -5.600000000000000000e+01
-1.646099290780141757e+02 -5.600000000000000000e+01
-1.641702127659574444e+02 -5.600000000000000000e+01
-1.637304964539007130e+02 -5.600000000000000000e+01
-1.632907801418439817e+02 -5.600000000000000000e+01
-1.628510638297872219e+02 -5.600000000000000000e+01
-1.624113475177304906e+02 -5.600000000000000000e+01
-1.619716312056737593e+02 -5.600000000000000000e+01
-1.615319148936170279e+02 -5.600000000000000000e+01
-1.610921985815602966e+02 -5.600000000000000000e+01
-1.606524822695035368e+02 -5.600000000000000000e+01
-1.602127659574468055e+02 -5.600000000000000000e+01
-1.597730496453900741e+02 -5.600000000000000000e+01
-1.593333333333333428e+02 -5.600000000000000000e+01
-1.588936170212765830e+02 -5.600000000000000000e+01
-1.584539007092198517e+02 -5.600000000000000000e+01
-1.580141843971631204e+02 -5.600000000000000000e+01
-1.575744680851063890e+02 -5.600000000000000000e+01
-1.571347517730496293e+02 -5.600000000000000000e+01
-1.566950354609928979e+02 -5.600000000000000000e+01
-1.562553191489361666e+02 -5.600000000000000000e+01
-1.558156028368794352e+02 -5.600000000000000000e+01
-1.553758865248227039e+02 -5.600000000000000000e+01
-1.549361702127659441e+02 -5.600000000000000000e+01
-1.544964539007092128e+02 -5.600000000000000000e+01
-1.540567375886524815e+02 -5.600000000000000000e+01
-1.536170212765957501e+02 -5.600000000000000000e+01
-1.531773049645390188e+02 -5.600000000000000000e+01
-1.527375886524822590e+02 -5.600000000000000000e+01
-1.522978723404255277e+02 -5.600000000000000000e+01
-1.518581560283687963e+02 -5.600000000000000000e+01
-1.514184397163120650e+02 -5.600000000000000000e+01
-1.509787234042553052e+02 -5.600000000000000000e+01
-1.505390070921985739e+02 -5.600000000000000000e+01
-1.500992907801418426e+02 -5.600000000000000000e+01
-1.496595744680851112e+02 -5.600000000000000000e+01
-1.492198581560283515e+02 -5.600000000000000000e+01
-1.487801418439716201e+02 -5.600000000000000000e+01
-1.483404255319148888e+02 -5.600000000000000000e+01
-1.479007092198581574e+02 -5.600000000000000000e+01
-1.474609929078014261e+02 -5.600000000000000000e+01
-1.470212765957446663e+02 -5.600000000000000000e+01
-1.465815602836879350e+02 -5.600000000000000000e+01
-1.461418439716312037e+02 -5.600000000000000000e+01
-1.457021276595744723e+02 -5.600000000000000000e+01
-1.452624113475177410e+02 -5.600000000000000000e+01
-1.448226950354609812e+02 -5.600000000000000000e+01
-1.443829787234042499e+02 -5.600000000000000000e+01
-1.439432624113475185e+02 -5.600000000000000000e+01
-1.435035460992907872e+02 -5.600000000000000000e+01
-1.430638297872340559e+02 -5.600000000000000000e+01
-1.426241134751772961e+02 -5.600000000000000000e+01
-1.421843971631205648e+02 -5.600000000000000000e+01
-1.417446808510638334e+02 -5.600000000000000000e+01
-1.413049645390070737e+02 -5.600000000000000000e+01
-1.408652482269503423e+02 -5.600000000000000000e+01
-1.404255319148936110e+02 -5.600000000000000000e+01
-1.399858156028368796e+02 -5.600000000000000000e+01
-1.395460992907801483e+02 -5.600000000000000000e+01
-1.391063829787233885e+02 -5.600000000000000000e+01
-1.386666666666666572e+02 -5.600000000000000000e+01
-1.382269503546099259e+02 -5.600000000000000000e+01
-1.377872340425531945e+02 -5.600000000000000000e+01
-1.373475177304964632e+02 -5.600000000000000000e+01
-1.369078014184397034e+02 -5.600000000000000000e+01
-1.364680851063829721e+02 -5.600000000000000000e+01
-1.360283687943262407e+02 -5.600000000000000000e+01
-1.355886524822695094e+02 -5.600000000000000000e+01
-1.351489361702127781e+02 -5.600000000000000000e+01
-1.347092198581560183e+02 -5.600000000000000000e+01
-1.342695035460992870e+02 -5.600000000000000000e+01
-1.338297872340425556e+02 -5.600000000000000000e+01
-1.333900709219857958e+02 -5.600000000000000000e+01
-1.329503546099290929e+02 -5.600000000000000000e+01
-1.325106382978723332e+02 -5.600000000000000000e+01
-1.320709219858156018e+02 -5.600000000000000000e+01
-1.316312056737588705e+02 -5.600000000000000000e+01
-1.311914893617021107e+02 -5.600000000000000000e+01
-1.307517730496453794e+02 -5.600000000000000000e+01
-1.303120567375886480e+02 -5.600000000000000000e+01
-1.298723404255319167e+02 -5.600000000000000000e+01
-1.294326241134751854e+02 -5.600000000000000000e+01
-1.289929078014184256e+02 -5.600000000000000000e+01
-1.285531914893616943e+02 -5.600000000000000000e+01
-1.281134751773049629e+02 -5.600000000000000000e+01
-1.276737588652482316e+02 -5.600000000000000000e+01
-1.272340425531914860e+02 -5.600000000000000000e+01
-1.267943262411347405e+02 -5.600000000000000000e+01
-1.263546099290780091e+02 -5.600000000000000000e+01
-1.259148936170212778e+02 -5.600000000000000000e+01
-1.254751773049645465e+02 -5.600000000000000000e+01
-1.250354609929078009e+02 -5.600000000000000000e+01
-1.245957446808510554e+02 -5.600000000000000000e+01
-1.241560283687943240e+02 -5.600000000000000000e+01
-1.237163120567375927e+02 -5.600000000000000000e+01
-1.232765957446808471e+02 -5.600000000000000000e+01
-1.228368794326241016e+02 -5.600000000000000000e+01
-1.223971631205673702e+02 -5.600000000000000000e+01
-1.219574468085106389e+02 -5.600000000000000000e+01
-1.215177304964539076e+02 -5.600000000000000000e+01
-1.210780141843971620e+02 -5.600000000000000000e+01
-1.206382978723404165e+02 -5.600000000000000000e+01
-1.201985815602836851e+02 -5.600000000000000000e+01
-1.197588652482269538e+02 -5.600000000000000000e+01
-1.193191489361702082e+02 -5.600000000000000000e+01
-1.188794326241134627e+02 -5.600000000000000000e+01
-1.184397163120567313e+02 -5.600000000000000000e+01
-1.180000000000000000e+02 -5.600000000000000000e+01
-1.175602836879432687e+02 -5.600000000000000000e+01
-1.171205673758865231e+02 -5.600000000000000000e+01
-1.166808510638297776e+02 -5.600000000000000000e+01
-1.162411347517730462e+02 -5.600000000000000000e+01
-1.158014184397163149e+02 -5.600000000000000000e+01
-1.153617021276595693e+02 -5.600000000000000000e+01
-1.149219858156028380e+02 -5.600000000000000000e+01
-1.144822695035460924e+02 -5.600000000000000000e+01
-1.140425531914893611e+02 -5.600000000000000000e+01
-1.136028368794326155e+02 -5.600000000000000000e+01
-1.131631205673758842e+02 -5.600000000000000000e+01
-1.127234042553191387e+02 -5.600000000000000000e+01
-1.122836879432624073e+02 -5.600000000000000000e+01
-1.118439716312056760e+02 -5.600000000000000000e+01
-1.114042553191489304e+02 -5.600000000000000000e+01
-1.109645390070921991e+02 -5.600000000000000000e+01
-1.105248226950354535e+02 -5.600000000000000000e+01
-1.100851063829787222e+02 -5.600000000000000000e+01
-1.096453900709219766e+02 -5.600000000000000000e+01
-1.092056737588652453e+02 -5.600000000000000000e+01
-1.087659574468084998e+02 -5.600000000000000000e+01
-1.083262411347517684e+02 -5.600000000000000000e+01
-1.078865248226950371e+02 -5.600000000000000000e+01
-1.074468085106382915e+02 -5.600000000000000000e+01
-1.070070921985815602e+02 -5.600000000000000000e+01
-1.065673758865248146e+02 -5.600000000000000000e+01
-1.061276595744680833e+02 -5.600000000000000000e+01
-1.056879432624113377e+02 -5.600000000000000000e+01
-1.052482269503546064e+02 -5.600000000000000000e+01
-1.048085106382978751e+02 -5.600000000000000000e+01
-1.043687943262411295e+02 -5.600000000000000000e+01
-1.039290780141843982e+02 -5.600000000000000000e+01
-1.034893617021276526e+02 -5.600000000000000000e+01
-1.030496453900709213e+02 -5.600000000000000000e+01
-1.026099290780141757e+02 -5.600000000000000000e+01
-1.021702127659574444e+02 -5.600000000000000000e+01
-1.017304964539006988e+02 -5.600000000000000000e+01
-1.012907801418439675e+02 -5.600000000000000000e+01
-1.008510638297872362e+02 -5.600000000000000000e+01
-1.004113475177304906e+02 -5.600000000000000000e+01
-9.997163120567375927e+01 -5.600000000000000000e+01
-9.953191489361701372e+01 -5.600000000000000000e+01
-9.909219858156028238e+01 -5.600000000000000000e+01
-9.865248226950353683e+01 -5.600000000000000000e+01
-9.821276595744680549e+01 -5.600000000000000000e+01
-9.777304964539005994e+01 -5.600000000000000000e+01
-9.733333333333332860e+01 -5.600000000000000000e+01
-9.689361702127659726e+01 -5.600000000000000000e+01
-9.645390070921985171e+01 -5.600000000000000000e+01
-9.601418439716312037e+01 -5.600000000000000000e+01
-9.557446808510637482e+01 -5.600000000000000000e+01
-9.513475177304964348e+01 -5.600000000000000000e+01
-9.469503546099289792e+01 -5.600000000000000000e+01
-9.425531914893616658e+01 -5.600000000000000000e+01
-9.381560283687942103e+01 -5.600000000000000000e+01
-9.337588652482268969e+01 -5.600000000000000000e+01
-9.293617021276595835e+01 -5.600000000000000000e+01
-9.249645390070921280e+01 -5.600000000000000000e+01
-9.205673758865248146e+01 -5.600000000000000000e+01
-9.161702127659573591e+01 -5.600000000000000000e+01
-9.117730496453900457e+01 -5.600000000000000000e+01
-9.073758865248225902e+01 -5.600000000000000000e+01
-9.029787234042552768e+01 -5.600000000000000000e+01
-8.985815602836879634e+01 -5.600000000000000000e+01
-8.941843971631205079e+01 -5.600000000000000000e+01
-8.897872340425531945e+01 -5.600000000000000000e+01
-8.853900709219857390e+01 -5.600000000000000000e+01
-8.809929078014184256e+01 -5.600000000000000000e+01
-8.765957446808509701e+01 -5.600000000000000000e+01
-8.721985815602836567e+01 -5.600000000000000000e+01
-8.678014184397162012e+01 -5.600000000000000000e+01
-8.634042553191488878e+01 -5.600000000000000000e+01
-8.590070921985815744e+01 -5.600000000000000000e+01
-8.546099290780141189e+01 -5.600000000000000000e+01
-8.502127659574468055e+01 -5.600000000000000000e+01
-8.458156028368793500e+01 -5.600000000000000000e+01
-8.414184397163120366e+01 -5.600000000000000000e+01
-8.370212765957445811e+01 -5.600000000000000000e+01
-8.326241134751772677e+01 -5.600000000000000000e+01
-8.282269503546098122e+01 -5.600000000000000000e+01
-8.238297872340424988e+01 -5.600000000000000000e+01
-8.194326241134751854e+01 -5.600000000000000000e+01
-8.150354609929077299e+01 -5.600000000000000000e+01
-8.106382978723404165e+01 -5.600000000000000000e+01
-8.062411347517729610e+01 -5.600000000000000000e+01
-8.018439716312056476e+01 -5.600000000000000000e+01
-7.974468085106381920e+01 -5.600000000000000000e+01
-7.930496453900708786e+01 -5.600000000000000000e+01
-7.886524822695034231e+01 -5.600000000000000000e+01
-7.842553191489361097e+01 -5.600000000000000000e+01
-7.798581560283687963e+01 -5.600000000000000000e+01
-7.754609929078013408e+01 -5.600000000000000000e+01
-7.710638297872340274e+01 -5.600000000000000000e+01
-7.666666666666665719e+01 -5.600000000000000000e+01
-7.622695035460992585e+01 -5.600000000000000000e+01
-7.578723404255318030e+01 -5.600000000000000000e+01
-7.534751773049644896e+01 -5.600000000000000000e+01
-7.490780141843971762e+01 -5.600000000000000000e+01
-7.446808510638297207e+01 -5.600000000000000000e+01
-7.402836879432624073e+01 -5.600000000000000000e+01
-7.358865248226949518e+01 -5.600000000000000000e+01
-7.314893617021276384e+01 -5.600000000000000000e+01
-7.270921985815601829e+01 -5.600000000000000000e+01
-7.226950354609928695e+01 -5.600000000000000000e+01
-7.182978723404254140e+01 -5.600000000000000000e+01
-7.139007092198581006e+01 -5.600000000000000000e+01
-7.095035460992907872e+01 -5.600000000000000000e+01
-7.051063829787233317e+01 -5.600000000000000000e+01
-7.007092198581560183e+01 -5.600000000000000000e+01
-6.963120567375885628e+01 -5.600000000000000000e+01
-6.919148936170212494e+01 -5.600000000000000000e+01
-6.875177304964537939e+01 -5.600000000000000000e+01
-6.831205673758864805e+01 -5.600000000000000000e+01
-6.787234042553190250e+01 -5.600000000000000000e+01
-6.743262411347517116e+01 -5.600000000000000000e+01
-6.699290780141843982e+01 -5.600000000000000000e+01
-6.655319148936169427e+01 -5.600000000000000000e+01
-6.611347517730496293e+01 -5.600000000000000000e+01
-6.567375886524821738e+01 -5.600000000000000000e+01
-6.523404255319148604e+01 -5.600000000000000000e+01
-6.479432624113474048e+01 -5.600000000000000000e+01
-6.435460992907800915e+01 -5.600000000000000000e+01
-6.391489361702126359e+01 -5.600000000000000000e+01
-6.347517730496453225e+01 -5.600000000000000000e+01
-6.303546099290780091e+01 -5.600000000000000000e+01
-6.259574468085105536e+01 -5.600000000000000000e+01
-6.215602836879432402e+01 -5.600000000000000000e+01
-6.171631205673757847e+01 -5.600000000000000000e+01
-6.127659574468084713e+01 -5.600000000000000000e+01
-6.083687943262410158e+01 -5.600000000000000000e+01
-6.039716312056737024e+01 -5.600000000000000000e+01
-5.995744680851062469e+01 -5.600000000000000000e+01
-5.951773049645389335e+01 -5.600000000000000000e+01
-5.907801418439716201e+01 -5.600000000000000000e+01
-5.863829787234041646e+01 -5.600000000000000000e+01
-5.819858156028368512e+01 -5.600000000000000000e+01
-5.775886524822693957e+01 -5.600000000000000000e+01
-5.731914893617020823e+01 -5.600000000000000000e+01
-5.687943262411346268e+01 -5.600000000000000000e+01
-5.643971631205673134e+01 -5.600000000000000000e+01
-5.600000000000000000e+01 -5.600000000000000000e+01
-5.558169934640523024e+01 -5.586928104575163445e+01
-5.516339869281046049e+01 -5.573856209150326890e+01
-5.474509803921568363e+01 -5.560784313725490335e+01
-5.432679738562091387e+01 -5.547712418300653781e+01
-5.390849673202614412e+01 -5.534640522875817226e+01
-5.349019607843137436e+01 -5.521568627450980671e+01
-5.307189542483659750e+01 -5.508496732026144116e+01
-5.265359477124182774e+01 -5.495424836601306851e+01
-5.223529411764705799e+01 -5.482352941176470296e+01
-5.181699346405228823e+01 -5.469281045751633741e+01
-5.139869281045751848e+01 -5.456209150326797186e+01
-5.098039215686274872e+01 -5.443137254901960631e+01
-5.056209150326797186e+01 -5.430065359477124076e+01
-5.014379084967320210e+01 -5.416993464052287521e+01
-4.972549019607843235e+01 -5.403921568627450966e+01
-4.930718954248366259e+01 -5.390849673202614412e+01
-4.888888888888888573e+01 -5.377777777777777857e+01
-4.847058823529411598e+01 -5.364705882352941302e+01
-4.805228758169934622e+01 -5.351633986928104747e+01
-4.763398692810457646e+01 -5.338562091503268192e+01
-4.721568627450980671e+01 -5.325490196078431637e+01
-4.679738562091502985e+01 -5.312418300653595082e+01
-4.637908496732026009e+01 -5.299346405228757817e+01
-4.596078431372549034e+01 -5.286274509803921262e+01
-4.554248366013072058e+01 -5.273202614379084707e+01
-4.512418300653594372e+01 -5.260130718954248152e+01
-4.470588235294117396e+01 -5.247058823529411598e+01
-4.428758169934640421e+01 -5.233986928104575043e+01
-4.386928104575163445e+01 -5.220915032679738488e+01
-4.345098039215686470e+01 -5.207843137254901933e+01
-4.303267973856209494e+01 -5.194771241830065378e+01
-4.261437908496731808e+01 -5.181699346405228823e+01
-4.219607843137254832e+01 -5.168627450980392268e+01
-4.177777777777777857e+01 -5.155555555555555713e+01
-4.135947712418300171e+01 -5.142483660130719159e+01
-4.094117647058823195e+01 -5.129411764705882604e+01
-4.052287581699346219e+01 -5.116339869281046049e+01
-4.010457516339869244e+01 -5.103267973856209494e+01
-3.968627450980392268e+01 -5.090196078431372229e+01
-3.926797385620915293e+01 -5.077124183006535674e+01
-3.884967320261438317e+01 -5.064052287581699119e+01
-3.843137254901960631e+01 -5.050980392156862564e+01
-3.801307189542483655e+01 -5.037908496732026009e+01
-3.759477124183005969e+01 -5.024836601307189454e+01
-3.717647058823528994e+01 -5.011764705882352899e+01
-3.675816993464052018e+01 -4.998692810457516345e+01
-3.633986928104575043e+01 -4.985620915032679790e+01
-3.592156862745098067e+01 -4.972549019607843235e+01
-3.550326797385621092e+01 -4.959477124183006680e+01
-3.508496732026144116e+01 -4.946405228758170125e+01
-3.466666666666666430e+01 -4.933333333333333570e+01
-3.424836601307189454e+01 -4.920261437908496305e+01
-3.383006535947712479e+01 -4.907189542483659750e+01
-3.341176470588234793e+01 -4.894117647058823195e+01
-3.299346405228757817e+01 -4.881045751633986640e+01
-3.257516339869280841e+01 -4.867973856209150085e+01
-3.215686274509803866e+01 -4.854901960784313530e+01
-3.173856209150326890e+01 -4.841830065359476976e+01
-3.132026143790849559e+01 -4.828758169934640421e+01
-3.090196078431372584e+01 -4.815686274509803866e+01
-3.048366013071895253e+01 -4.802614379084967311e+01
-3.006535947712418277e+01 -4.789542483660130756e+01
-2.964705882352940947e+01 -4.776470588235294201e+01
-2.922875816993463971e+01 -4.763398692810457646e+01
-2.881045751633986995e+01 -4.750326797385621092e+01
-2.839215686274509665e+01 -4.737254901960784537e+01
-2.797385620915032689e+01 -4.724183006535947982e+01
-2.755555555555555358e+01 -4.711111111111111427e+01
-2.713725490196078383e+01 -4.698039215686274872e+01
-2.671895424836601052e+01 -4.684967320261437607e+01
-2.630065359477124076e+01 -4.671895424836601052e+01
-2.588235294117647101e+01 -4.658823529411764497e+01
-2.546405228758169770e+01 -4.645751633986927942e+01
-2.504575163398692794e+01 -4.632679738562091387e+01
-2.462745098039215463e+01 -4.619607843137254832e+01
-2.420915032679738488e+01 -4.606535947712418277e+01
-2.379084967320261512e+01 -4.593464052287581723e+01
-2.337254901960784537e+01 -4.580392156862745168e+01
-2.295424836601306851e+01 -4.567320261437908613e+01
-2.253594771241829875e+01 -4.554248366013072058e+01
-2.211764705882352899e+01 -4.541176470588234793e+01
-2.169934640522875924e+01 -4.528104575163398238e+01
-2.128104575163398238e+01 -4.515032679738561683e+01
-2.086274509803921262e+01 -4.501960784313725128e+01
-2.044444444444444287e+01 -4.488888888888888573e+01
-2.002614379084967311e+01 -4.475816993464052018e+01
-1.960784313725490335e+01 -4.462745098039215463e+01
-1.918954248366012649e+01 -4.449673202614378908e+01
-1.877124183006535674e+01 -4.436601307189542354e+01
-1.835294117647058698e+01 -4.423529411764705799e+01
-1.793464052287581723e+01 -4.410457516339869244e+01
-1.751633986928104747e+01 -4.397385620915032689e+01
-1.709803921568627061e+01 -4.384313725490196134e+01
-1.667973856209150085e+01 -4.371241830065359579e+01
-1.626143790849673110e+01 -4.358169934640523024e+01
-1.584313725490196134e+01 -4.345098039215686470e+01
-1.542483660130719159e+01 -4.332026143790849915e+01
-1.500653594771241472e+01 -4.318954248366013360e+01
-1.458823529411764497e+01 -4.305882352941176805e+01
-1.416993464052287521e+01 -4.292810457516339540e+01
-1.375163398692810546e+01 -4.279738562091502985e+01
-1.333333333333332860e+01 -4.266666666666666430e+01
-1.291503267973855884e+01 -4.253594771241829875e+01
-1.249673202614378908e+01 -4.240522875816993320e+01
-1.207843137254901933e+01 -4.227450980392156765e+01
-1.166013071895424957e+01 -4.214379084967320210e+01
-1.124183006535947271e+01 -4.201307189542483655e+01
-1.082352941176470296e+01 -4.188235294117647101e+01
-1.040522875816993320e+01 -4.175163398692810546e+01
-9.986928104575163445e+00 -4.162091503267973991e+01
-9.568627450980393689e+00 -4.149019607843137436e+01
-9.150326797385616828e+00 -4.135947712418300171e+01
-8.732026143790847073e+00 -4.122875816993463616e+01
-8.313725490196077317e+00 -4.109803921568627061e+01
-7.895424836601307561e+00 -4.096732026143790506e+01
-7.477124183006537805e+00 -4.083660130718953951e+01
-7.058823529411760944e+00 -4.070588235294117396e+01
-6.640522875816991188e+00 -4.057516339869280841e+01
-6.222222222222221433e+00 -4.044444444444444287e+01
-5.803921568627451677e+00 -4.031372549019607732e+01
-5.385620915032674816e+00 -4.018300653594771177e+01
-4.967320261437905060e+00 -4.005228758169934622e+01
-4.549019607843135304e+00 -3.992156862745098067e+01
-4.130718954248365549e+00 -3.979084967320261512e+01
-3.712418300653595793e+00 -3.966013071895424957e+01
-3.294117647058818932e+00 -3.952941176470588402e+01
-2.875816993464049176e+00 -3.939869281045751848e+01
-2.457516339869279420e+00 -3.926797385620915293e+01
-2.039215686274509665e+00 -3.913725490196078738e+01
-1.620915032679739909e+00 -3.900653594771242183e+01
-1.202614379084963048e+00 -3.887581699346405628e+01
-7.843137254901932920e-01 -3.874509803921568363e+01
-3.660130718954235363e-01 -3.861437908496731808e+01
5.228758169934621947e-02 -3.848366013071895253e+01
4.705882352941159752e-01 -3.835294117647058698e+01
8.888888888888928363e-01 -3.822222222222222143e+01
1.307189542483662592e+00 -3.809150326797385588e+01
1.725490196078432348e+00 -3.796078431372549034e+01
2.143790849673202104e+00 -3.783006535947712479e+01
2.562091503267978965e+00 -3.769934640522875213e+01
2.980392156862748720e+00 -3.756862745098038658e+01
3.398692810457518476e+00 -3.743790849673202104e+01
3.816993464052288232e+00 -3.730718954248365549e+01
4.235294117647057988e+00 -3.717647058823528994e+01
4.653594771241834849e+00 -3.704575163398692439e+01
5.071895424836604604e+00 -3.691503267973855884e+01
5.490196078431374360e+00 -3.678431372549019329e+01
5.908496732026144116e+00 -3.665359477124182774e+01
6.326797385620913872e+00 -3.652287581699346219e+01
6.745098039215690733e+00 -3.639215686274509665e+01
7.163398692810460489e+00 -3.626143790849673110e+01
7.581699346405230244e+00 -3.613071895424836555e+01
8.000000000000000000e+00 -3.600000000000000000e+01
8.439655172413793593e+00 -3.600000000000000000e+01
8.879310344827585411e+00 -3.600000000000000000e+01
9.318965517241379004e+00 -3.600000000000000000e+01
9.758620689655172598e+00 -3.600000000000000000e+01
1.019827586206896441e+01 -3.600000000000000000e+01
1.063793103448275801e+01 -3.600000000000000000e+01
1.107758620689655160e+01 -3.600000000000000000e+01
1.151724137931034520e+01 -3.600000000000000000e+01
1.195689655172413879e+01 -3.600000000000000000e+01
1.239655172413793061e+01 -3.600000000000000000e+01
1.283620689655172420e+01 -3.600000000000000000e+01
1.327586206896551602e+01 -3.600000000000000000e+01
1.371551724137930961e+01 -3.600000000000000000e+01
1.415517241379310320e+01 -3.600000000000000000e+01
1.459482758620689680e+01 -3.600000000000000000e+01
1.503448275862069039e+01 -3.600000000000000000e+01
1.547413793103448221e+01 -3.600000000000000000e+01
1.591379310344827580e+01 -3.600000000000000000e+01
1.635344827586207117e+01 -3.600000000000000000e+01
1.679310344827586121e+01 -3.600000000000000000e+01
1.723275862068965480e+01 -3.600000000000000000e+01
1.767241379310344840e+01 -3.600000000000000000e+01
1.811206896551724199e+01 -3.600000000000000000e+01
1.855172413793103203e+01 -3.600000000000000000e+01
1.899137931034482563e+01 -3.600000000000000000e+01
1.943103448275861922e+01 -3.600000000000000000e+01
1.987068965517241281e+01 -3.600000000000000000e+01
2.031034482758620641e+01 -3.600000000000000000e+01
2.075000000000000000e+01 -3.600000000000000000e+01
2.118965517241379359e+01 -3.600000000000000000e+01
2.162931034482758719e+01 -3.600000000000000000e+01
2.206896551724138078e+01 -3.600000000000000000e+01
2.250862068965517437e+01 -3.600000000000000000e+01
2.294827586206896441e+01 -3.600000000000000000e+01
2.338793103448275801e+01 -3.600000000000000000e+01
2.382758620689655160e+01 -3.600000000000000000e+01
2.426724137931034520e+01 -3.600000000000000000e+01
2.470689655172413879e+01 -3.600000000000000000e+01
2.514655172413793238e+01 -3.600000000000000000e+01
2.558620689655172242e+01 -3.600000000000000000e+01
2.602586206896551602e+01 -3.600000000000000000e+01
2.646551724137930961e+01 -3.600000000000000000e+01
2.690517241379310320e+01 -3.600000000000000000e+01
2.734482758620689680e+01 -3.600000000000000000e+01
2.778448275862069039e+01 -3.600000000000000000e+01
2.822413793103448398e+01 -3.600000000000000000e+01
2.866379310344827402e+01 -3.600000000000000000e+01
2.910344827586206762e+01 -3.600000000000000000e+01
2.954310344827586121e+01 -3.600000000000000000e+01
2.998275862068965480e+01 -3.600000000000000000e+01
3.042241379310344840e+01 -3.600000000000000000e+01
3.086206896551724199e+01 -3.600000000000000000e+01
3.130172413793103559e+01 -3.600000000000000000e+01
3.174137931034482563e+01 -3.600000000000000000e+01
3.218103448275861922e+01 -3.600000000000000000e+01
3.262068965517241281e+01 -3.600000000000000000e+01
3.306034482758620641e+01 -3.600000000000000000e+01
3.350000000000000000e+01 -3.600000000000000000e+01
3.393965517241379359e+01 -3.600000000000000000e+01
3.437931034482758719e+01 -3.600000000000000000e+01
3.481896551724138078e+01 -3.600000000000000000e+01
3.525862068965517437e+01 -3.600000000000000000e+01
3.569827586206896797e+01 -3.600000000000000000e+01
3.613793103448276156e+01 -3.600000000000000000e+01
3.657758620689655515e+01 -3.600000000000000000e+01
3.701724137931034875e+01 -3.600000000000000000e+01
3.745689655172414234e+01 -3.600000000000000000e+01
3.789655172413792883e+01 -3.600000000000000000e+01
3.833620689655172242e+01 -3.600000000000000000e+01
3.877586206896551602e+01 -3.600000000000000000e+01
3.921551724137930961e+01 -3.600000000000000000e+01
3.965517241379310320e+01 -3.600000000000000000e+01
4.009482758620689680e+01 -3.600000000000000000e+01
4.053448275862069039e+01 -3.600000000000000000e+01
4.097413793103448398e+01 -3.600000000000000000e+01
4.141379310344827758e+01 -3.600000000000000000e+01
4.185344827586207117e+01 -3.600000000000000000e+01
4.229310344827586476e+01 -3.600000000000000000e+01
4.273275862068965125e+01 -3.600000000000000000e+01
4.317241379310344485e+01 -3.600000000000000000e+01
4.361206896551723844e+01 -3.600000000000000000e+01
4.405172413793103203e+01 -3.600000000000000000e+01
4.449137931034482563e+01 -3.600000000000000000e+01
4.493103448275861922e+01 -3.600000000000000000e+01
4.537068965517241281e+01 -3.600000000000000000e+01
4.581034482758620641e+01 -3.600000000000000000e+01
4.625000000000000000e+01 -3.600000000000000000e+01
4.668965517241379359e+01 -3.600000000000000000e+01
4.712931034482758719e+01 -3.600000000000000000e+01
4.756896551724138078e+01 -3.600000000000000000e+01
4.800862068965517437e+01 -3.600000000000000000e+01
4.844827586206896797e+01 -3.600000000000000000e+01
4.888793103448275446e+01 -3.600000000000000000e+01
4.932758620689654805e+01 -3.600000000000000000e+01
4.976724137931034164e+01 -3.600000000000000000e+01
5.020689655172413524e+01 -3.600000000000000000e+01
5.064655172413792883e+01 -3.600000000000000000e+01
5.108620689655172242e+01 -3.600000000000000000e+01
5.152586206896551602e+01 -3.600000000000000000e+01
5.196551724137930961e+01 -3.600000000000000000e+01
5.240517241379310320e+01 -3.600000000000000000e+01
5.284482758620689680e+01 -3.600000000000000000e+01
5.328448275862069039e+01 -3.600000000000000000e+01
5.372413793103448398e+01 -3.600000000000000000e+01
5.416379310344827758e+01 -3.600000000000000000e+01
5.460344827586207117e+01 -3.600000000000000000e+01
5.504310344827585766e+01 -3.600000000000000000e+01
5.548275862068965125e+01 -3.600000000000000000e+01
5.592241379310344485e+01 -3.600000000000000000e+01
5.636206896551723844e+01 -3.600000000000000000e+01
5.680172413793103203e+01 -3.600000000000000000e+01
5.724137931034482563e+01 -3.600000000000000000e+01
5.768103448275861922e+01 -3.600000000000000000e+01
5.812068965517241281e+01 -3.600000000000000000e+01
5.856034482758620641e+01 -3.600000000000000000e+01
5.900000000000000000e+01 -3.600000000000000000e+01
5.943965517241379359e+01 -3.600000000000000000e+01
5.987931034482758719e+01 -3.600000000000000000e+01
6.031896551724138078e+01 -3.600000000000000000e+01
6.075862068965517437e+01 -3.600000000000000000e+01
6.119827586206896086e+01 -3.600000000000000000e+01
6.163793103448275446e+01 -3.600000000000000000e+01
6.207758620689654805e+01 -3.600000000000000000e+01
6.251724137931034164e+01 -3.600000000000000000e+01
6.295689655172413524e+01 -3.600000000000000000e+01
6.339655172413792883e+01 -3.600000000000000000e+01
6.383620689655172242e+01 -3.600000000000000000e+01
6.427586206896552312e+01 -3.600000000000000000e+01
6.471551724137930250e+01 -3.600000000000000000e+01
6.515517241379311031e+01 -3.600000000000000000e+01
6.559482758620688969e+01 -3.600000000000000000e+01
6.603448275862069750e+01 -3.600000000000000000e+01
6.647413793103447688e+01 -3.600000000000000000e+01
6.691379310344828468e+01 -3.600000000000000000e+01
6.735344827586206407e+01 -3.600000000000000000e+01
6.779310344827585766e+01 -3.600000000000000000e+01
6.823275862068965125e+01 -3.600000000000000000e+01
6.867241379310344485e+01 -3.600000000000000000e+01
6.911206896551723844e+01 -3.600000000000000000e+01
6.955172413793103203e+01 -3.600000000000000000e+01
6.999137931034482563e+01 -3.600000000000000000e+01
7.043103448275861922e+01 -3.600000000000000000e+01
7.087068965517241281e+01 -3.600000000000000000e+01
7.131034482758620641e+01 -3.600000000000000000e+01
7.175000000000000000e+01 -3.600000000000000000e+01
7.218965517241379359e+01 -3.600000000000000000e+01
7.262931034482758719e+01 -3.600000000000000000e+01
7.306896551724138078e+01 -3.600000000000000000e+01
7.350862068965517437e+01 -3.600000000000000000e+01
7.394827586206896797e+01 -3.600000000000000000e+01
7.438793103448276156e+01 -3.600000000000000000e+01
7.482758620689655515e+01 -3.600000000000000000e+01
7.526724137931034875e+01 -3.600000000000000000e+01
7.570689655172414234e+01 -3.600000000000000000e+01
7.614655172413793593e+01 -3.600000000000000000e+01
7.658620689655172953e+01 -3.600000000000000000e+01
7.702586206896550891e+01 -3.600000000000000000e+01
7.746551724137930250e+01 -3.600000000000000000e+01
7.790517241379309610e+01 -3.600000000000000000e+01
7.834482758620688969e+01 -3.600000000000000000e+01
7.878448275862068328e+01 -3.600000000000000000e+01
7.922413793103447688e+01 -3.600000000000000000e+01
7.966379310344827047e+01 -3.600000000000000000e+01
8.010344827586206407e+01 -3.600000000000000000e+01
8.054310344827585766e+01 -3.600000000000000000e+01
8.098275862068965125e+01 -3.600000000000000000e+01
8.142241379310344485e+01 -3.600000000000000000e+01
8.186206896551723844e+01 -3.600000000000000000e+01
8.230172413793103203e+01 -3.600000000000000000e+01
8.274137931034482563e+01 -3.600000000000000000e+01
8.318103448275861922e+01 -3.600000000000000000e+01
8.362068965517241281e+01 -3.600000000000000000e+01
8.406034482758620641e+01 -3.600000000000000000e+01
8.450000000000000000e+01 -3.600000000000000000e+01
8.493965517241379359e+01 -3.600000000000000000e+01
8.537931034482758719e+01 -3.600000000000000000e+01
8.581896551724138078e+01 -3.600000000000000000e+01
8.625862068965517437e+01 -3.600000000000000000e+01
8.669827586206896797e+01 -3.600000000000000000e+01
8.713793103448276156e+01 -3.600000000000000000e+01
8.757758620689655515e+01 -3.600000000000000000e+01
8.801724137931034875e+01 -3.600000000000000000e+01
8.845689655172414234e+01 -3.600000000000000000e+01
8.889655172413793593e+01 -3.600000000000000000e+01
8.933620689655171532e+01 -3.600000000000000000e+01
8.977586206896550891e+01 -3.600000000000000000e+01
9.021551724137930250e+01 -3.600000000000000000e+01
9.065517241379309610e+01 -3.600000000000000000e+01
9.109482758620688969e+01 -3.600000000000000000e+01
9.153448275862068328e+01 -3.600000000000000000e+01
9.197413793103447688e+01 -3.600000000000000000e+01
9.241379310344827047e+01 -3.600000000000000000e+01
9.285344827586206407e+01 -3.600000000000000000e+01
9.329310344827585766e+01 -3.600000000000000000e+01
9.373275862068965125e+01 -3.600000000000000000e+01
9.417241379310344485e+01 -3.600000000000000000e+01
9.461206896551723844e+01 -3.600000000000000000e+01
9.505172413793103203e+01 -3.600000000000000000e+01
9.549137931034482563e+01 -3.600000000000000000e+01
9.593103448275861922e+01 -3.600000000000000000e+01
9.637068965517241281e+01 -3.600000000000000000e+01
9.681034482758620641e+01 -3.600000000000000000e+01
9.725000000000000000e+01 -3.600000000000000000e+01
9.768965517241379359e+01 -3.600000000000000000e+01
9.812931034482758719e+01 -3.600000000000000000e+01
9.856896551724138078e+01 -3.600000000000000000e+01
9.900862068965517437e+01 -3.600000000000000000e+01
9.944827586206896797e+01 -3.600000000000000000e+01
9.988793103448276156e+01 -3.600000000000000000e+01
1.003275862068965552e+02 -3.600000000000000000e+01
1.007672413793103487e+02 -3.600000000000000000e+01
1.012068965517241423e+02 -3.600000000000000000e+01
1.016465517241379359e+02 -3.600000000000000000e+01
1.020862068965517153e+02 -3.600000000000000000e+01
1.025258620689655089e+02 -3.600000000000000000e+01
1.029655172413793025e+02 -3.600000000000000000e+01
1.034051724137930961e+02 -3.600000000000000000e+01
1.038448275862068897e+02 -3.600000000000000000e+01
1.042844827586206833e+02 -3.600000000000000000e+01
1.047241379310344769e+02 -3.600000000000000000e+01
1.051637931034482705e+02 -3.600000000000000000e+01
1.056034482758620641e+02 -3.600000000000000000e+01
1.060431034482758577e+02 -3.600000000000000000e+01
1.064827586206896513e+02 -3.600000000000000000e+01
1.069224137931034448e+02 -3.600000000000000000e+01
1.073620689655172384e+02 -3.600000000000000000e+01
1.078017241379310320e+02 -3.600000000000000000e+01
1.082413793103448256e+02 -3.600000000000000000e+01
1.086810344827586192e+02 -3.600000000000000000e+01
1.091206896551724128e+02 -3.600000000000000000e+01
1.095603448275862064e+02 -3.600000000000000000e+01
1.100000000000000000e+02 -3.600000000000000000e+01
1.104166666666666714e+02 -3.612962962962962621e+01
1.108333333333333286e+02 -3.625925925925925952e+01
1.112500000000000000e+02 -3.638888888888888573e+01
1.116666666666666714e+02 -3.651851851851851904e+01
1.120833333333333286e+02 -3.664814814814814525e+01
1.125000000000000000e+02 -3.677777777777777857e+01
1.129166666666666714e+02 -3.690740740740740478e+01
1.133333333333333286e+02 -3.703703703703703809e+01
1.137500000000000000e+02 -3.716666666666666430e+01
1.141666666666666714e+02 -3.729629629629629761e+01
1.145833333333333286e+02 -3.742592592592592382e+01
1.150000000000000000e+02 -3.755555555555555713e+01
1.154166666666666714e+02 -3.768518518518518334e+01
1.158333333333333286e+02 -3.781481481481481666e+01
1.162500000000000000e+02 -3.794444444444444287e+01
1.166666666666666714e+02 -3.807407407407407618e+01
1.170833333333333286e+02 -3.820370370370370239e+01
1.175000000000000000e+02 -3.833333333333333570e+01
1.179166666666666714e+02 -3.846296296296296191e+01
1.183333333333333286e+02 -3.859259259259259522e+01
1.187500000000000000e+02 -3.872222222222222143e+01
1.191666666666666714e+02 -3.885185185185185475e+01
1.195833333333333286e+02 -3.898148148148148096e+01
1.200000000000000000e+02 -3.911111111111111427e+01
1.204166666666666714e+02 -3.924074074074074048e+01
1.208333333333333286e+02 -3.937037037037036669e+01
1.212500000000000000e+02 -3.950000000000000000e+01
1.216666666666666714e+02 -3.962962962962962621e+01
1.220833333333333286e+02 -3.975925925925925952e+01
1.225000000000000000e+02 -3.988888888888888573e+01
1.229166666666666714e+02 -4.001851851851851904e+01
1.233333333333333286e+02 -4.014814814814814525e+01
1.237500000000000000e+02 -4.027777777777777857e+01
1.241666666666666714e+02 -4.040740740740740478e+01
1.245833333333333286e+02 -4.053703703703703809e+01
1.250000000000000000e+02 -4.066666666666666430e+01
1.254166666666666714e+02 -4.079629629629629761e+01
1.258333333333333286e+02 -4.092592592592592382e+01
1.262500000000000000e+02 -4.105555555555555713e+01
1.266666666666666714e+02 -4.118518518518518334e+01
1.270833333333333428e+02 -4.131481481481481666e+01
1.275000000000000000e+02 -4.144444444444444287e+01
1.279166666666666714e+02 -4.157407407407407618e+01
1.283333333333333428e+02 -4.170370370370370239e+01
1.287500000000000000e+02 -4.183333333333333570e+01
1.291666666666666572e+02 -4.196296296296296191e+01
1.295833333333333428e+02 -4.209259259259259522e+01
1.300000000000000000e+02 -4.222222222222222143e+01
1.304166666666666572e+02 -4.235185185185184764e+01
1.308333333333333428e+02 -4.248148148148148096e+01
1.312500000000000000e+02 -4.261111111111111427e+01
1.316666666666666572e+02 -4.274074074074074048e+01
1.320833333333333428e+02 -4.287037037037036669e+01
1.325000000000000000e+02 -4.300000000000000000e+01
1.329166666666666572e+02 -4.312962962962962621e+01
1.333333333333333428e+02 -4.325925925925925952e+01
1.337500000000000000e+02 -4.338888888888888573e+01
1.341666666666666572e+02 -4.351851851851851904e+01
1.345833333333333428e+02 -4.364814814814814525e+01
1.350000000000000000e+02 -4.377777777777777857e+01
1.354166666666666572e+02 -4.390740740740740478e+01
1.358333333333333428e+02 -4.403703703703703809e+01
1.362500000000000000e+02 -4.416666666666666430e+01
1.366666666666666572e+02 -4.429629629629629761e+01
1.370833333333333428e+02 -4.442592592592592382e+01
1.375000000000000000e+02 -4.455555555555555713e+01
1.379166666666666572e+02 -4.468518518518518334e+01
1.383333333333333428e+02 -4.481481481481481666e+01
1.387500000000000000e+02 -4.494444444444444287e+01
1.391666666666666572e+02 -4.507407407407407618e+01
1.395833333333333428e+02 -4.520370370370370239e+01
1.400000000000000000e+02 -4.533333333333332860e+01
1.404166666666666572e+02 -4.546296296296296191e+01
1.408333333333333428e+02 -4.559259259259259522e+01
1.412500000000000000e+02 -4.572222222222222143e+01
1.416666666666666572e+02 -4.585185185185184764e+01
1.420833333333333428e+02 -4.598148148148148096e+01
1.425000000000000000e+02 -4.611111111111111427e+01
1.429166666666666856e+02 -4.624074074074074048e+01
1.433333333333333428e+02 -4.637037037037036669e+01
1.437500000000000000e+02 -4.650000000000000000e+01
1.441666666666666856e+02 -4.662962962962963331e+01
1.445833333333333428e+02 -4.675925925925925952e+01
1.450000000000000000e+02 -4.688888888888888573e+01
1.454166666666666856e+02 -4.701851851851851904e+01
1.458333333333333428e+02 -4.714814814814814525e+01
1.462500000000000000e+02 -4.727777777777777857e+01
1.466666666666666856e+02 -4.740740740740740478e+01
1.470833333333333428e+02 -4.753703703703703809e+01
1.475000000000000000e+02 -4.766666666666666430e+01
1.479166666666666856e+02 -4.779629629629629761e+01
1.483333333333333428e+02 -4.792592592592592382e+01
1.487500000000000000e+02 -4.805555555555555713e+01
1.491666666666666856e+02 -4.818518518518518334e+01
1.495833333333333428e+02 -4.831481481481481666e+01
1.500000000000000000e+02 -4.844444444444444287e+01
1.504166666666666856e+02 -4.857407407407407618e+01
1.508333333333333428e+02 -4.870370370370370239e+01
1.512500000000000000e+02 -4.883333333333332860e+01
1.516666666666666856e+02 -4.896296296296296191e+01
1.520833333333333428e+02 -4.909259259259259522e+01
1.525000000000000000e+02 -4.922222222222222143e+01
1.529166666666666856e+02 -4.935185185185184764e+01
1.533333333333333428e+02 -4.948148148148148096e+01
1.537500000000000000e+02 -4.961111111111111427e+01
1.541666666666666856e+02 -4.974074074074074048e+01
1.545833333333333428e+02 -4.987037037037036669e+01
1.550000000000000000e+02 -5.000000000000000000e+01
1.554385964912280826e+02 -5.000000000000000000e+01
1.558771929824561369e+02 -5.000000000000000000e+01
1.563157894736842195e+02 -5.000000000000000000e+01
1.567543859649122737e+02 -5.000000000000000000e+01
1.571929824561403564e+02 -5.000000000000000000e+01
1.576315789473684106e+02 -5.000000000000000000e+01
1.580701754385964932e+02 -5.000000000000000000e+01
1.585087719298245474e+02 -5.000000000000000000e+01
1.589473684210526301e+02 -5.000000000000000000e+01
1.593859649122807127e+02 -5.000000000000000000e+01
1.598245614035087669e+02 -5.000000000000000000e+01
1.602631578947368496e+02 -5.000000000000000000e+01
1.607017543859649038e+02 -5.000000000000000000e+01
1.611403508771929864e+02 -5.000000000000000000e+01
1.615789473684210407e+02 -5.000000000000000000e+01
1.620175438596491233e+02 -5.000000000000000000e+01
1.624561403508772059e+02 -5.000000000000000000e+01
1.628947368421052602e+02 -5.000000000000000000e+01
1.633333333333333428e+02 -5.000000000000000000e+01
1.637719298245613970e+02 -5.000000000000000000e+01
1.642105263157894797e+02 -5.000000000000000000e+01
1.646491228070175339e+02 -5.000000000000000000e+01
1.650877192982456165e+02 -5.000000000000000000e+01
1.655263157894736707e+02 -5.000000000000000000e+01
1.659649122807017534e+02 -5.000000000000000000e+01
1.664035087719298360e+02 -5.000000000000000000e+01
1.668421052631578902e+02 -5.000000000000000000e+01
1.672807017543859729e+02 -5.000000000000000000e+01
1.677192982456140271e+02 -5.000000000000000000e+01
1.681578947368421098e+02 -5.000000000000000000e+01
1.685964912280701640e+02 -5.000000000000000000e+01
1.690350877192982466e+02 -5.000000000000000000e+01
1.694736842105263008e+02 -5.000000000000000000e+01
1.699122807017543835e+02 -5.000000000000000000e+01
1.703508771929824661e+02 -5.000000000000000000e+01
1.707894736842105203e+02 -5.000000000000000000e+01
1.712280701754386030e+02 -5.000000000000000000e+01
1.716666666666666572e+02 -5.000000000000000000e+01
1.721052631578947398e+02 -5.000000000000000000e+01
1.725438596491227941e+02 -5.000000000000000000e+01
1.729824561403508767e+02 -5.000000000000000000e+01
1.734210526315789593e+02 -5.000000000000000000e+01
1.738596491228070136e+02 -5.000000000000000000e+01
1.742982456140350962e+02 -5.000000000000000000e+01
1.747368421052631504e+02 -5.000000000000000000e+01
1.751754385964912331e+02 -5.000000000000000000e+01
1.756140350877192873e+02 -5.000000000000000000e+01
1.760526315789473699e+02 -5.000000000000000000e+01
1.764912280701754526e+02 -5.000000000000000000e+01
1.769298245614035068e+02 -5.000000000000000000e+01
1.773684210526315894e+02 -5.000000000000000000e+01
1.778070175438596436e+02 -5.000000000000000000e+01
1.782456140350877263e+02 -5.000000000000000000e+01
1.786842105263157805e+02 -5.000000000000000000e+01
1.791228070175438631e+02 -5.000000000000000000e+01
1.795614035087719174e+02 -5.000000000000000000e+01
1.800000000000000000e+02 -5.000000000000000000e+01
1.800000000000000000e+02 -5.043750000000000000e+01
1.800000000000000000e+02 -5.087500000000000000e+01
1.800000000000000000e+02 -5.131250000000000000e+01
1.800000000000000000e+02 -5.175000000000000000e+01
1.800000000000000000e+02 -5.218750000000000000e+01
1.800000000000000000e+02 -5.262500000000000000e+01
1.800000000000000000e+02 -5.306250000000000000e+01
1.800000000000000000e+02 -5.350000000000000000e+01
1.800000000000000000e+02 -5.393750000000000000e+01
1.800000000000000000e+02 -5.437500000000000000e+01
1.800000000000000000e+02 -5.481250000000000000e+01
1.800000000000000000e+02 -5.525000000000000000e+01
1.800000000000000000e+02 -5.568750000000000000e+01
1.800000000000000000e+02 -5.612500000000000000e+01
1.800000000000000000e+02 -5.656250000000000000e+01
1.800000000000000000e+02 -5.700000000000000000e+01
1.800000000000000000e+02 -5.743750000000000000e+01
1.800000000000000000e+02 -5.787500000000000000e+01
1.800000000000000000e+02 -5.831250000000000000e+01
1.800000000000000000e+02 -5.875000000000000000e+01
1.800000000000000000e+02 -5.918750000000000000e+01
1.800000000000000000e+02 -5.962500000000000000e+01
1.800000000000000000e+02 -6.006250000000000000e+01
1.800000000000000000e+02 -6.050000000000000000e+01
1.800000000000000000e+02 -6.093750000000000000e+01
1.800000000000000000e+02 -6.137500000000000000e+01
1.800000000000000000e+02 -6.181250000000000000e+01
1.800000000000000000e+02 -6.225000000000000000e+01
1.800000000000000000e+02 -6.268750000000000000e+01
1.800000000000000000e+02 -6.312500000000000000e+01
1.800000000000000000e+02 -6.356250000000000000e+01
1.800000000000000000e+02 -6.400000000000000000e+01
1.795603015075377016e+02 -6.400000000000000000e+01
1.791206030150753747e+02 -6.400000000000000000e+01
1.786809045226130763e+02 -6.400000000000000000e+01
1.782412060301507495e+02 -6.400000000000000000e+01
1.778015075376884511e+02 -6.400000000000000000e+01
1.773618090452261242e+02 -6.400000000000000000e+01
1.769221105527638258e+02 -6.400000000000000000e+01
1.764824120603014990e+02 -6.400000000000000000e+01
1.760427135678392006e+02 -6.400000000000000000e+01
1.756030150753768737e+02 -6.400000000000000000e+01
1.751633165829145753e+02 -6.400000000000000000e+01
1.747236180904522485e+02 -6.400000000000000000e+01
1.742839195979899500e+02 -6.400000000000000000e+01
1.738442211055276516e+02 -6.400000000000000000e+01
1.734045226130653248e+02 -6.400000000000000000e+01
1.729648241206030264e+02 -6.400000000000000000e+01
1.725251256281406995e+02 -6.400000000000000000e+01
1.720854271356784011e+02 -6.400000000000000000e+01
1.716457286432160743e+02 -6.400000000000000000e+01
1.712060301507537758e+02 -6.400000000000000000e+01
1.707663316582914490e+02 -6.400000000000000000e+01
1.703266331658291506e+02 -6.400000000000000000e+01
1.698869346733668237e+02 -6.400000000000000000e+01
1.694472361809045253e+02 -6.400000000000000000e+01
1.690075376884421985e+02 -6.400000000000000000e+01
1.685678391959799001e+02 -6.400000000000000000e+01
1.681281407035176017e+02 -6.400000000000000000e+01
1.676884422110552748e+02 -6.400000000000000000e+01
1.672487437185929764e+02 -6.400000000000000000e+01
1.668090452261306496e+02 -6.400000000000000000e+01
1.663693467336683511e+02 -6.400000000000000000e+01
1.659296482412060243e+02 -6.400000000000000000e+01
1.654899497487437259e+02 -6.400000000000000000e+01
1.650502512562813990e+02 -6.400000000000000000e+01
1.646105527638191006e+02 -6.400000000000000000e+01
1.641708542713567738e+02 -6.400000000000000000e+01
1.637311557788944754e+02 -6.400000000000000000e+01
1.632914572864321485e+02 -6.400000000000000000e+01
1.628517587939698501e+02 -6.400000000000000000e+01
1.624120603015075517e+02 -6.400000000000000000e+01
1.619723618090452248e+02 -6.400000000000000000e+01
1.615326633165828980e+02 -6.400000000000000000e+01
1.610929648241205996e+02 -6.400000000000000000e+01
1.606532663316583012e+02 -6.400000000000000000e+01
1.602135678391959743e+02 -6.400000000000000000e+01
1.597738693467336759e+02 -6.400000000000000000e+01
1.593341708542713491e+02 -6.400000000000000000e+01
1.588944723618090507e+02 -6.400000000000000000e+01
1.584547738693467238e+02 -6.400000000000000000e+01
1.580150753768844254e+02 -6.400000000000000000e+01
1.575753768844220986e+02 -6.400000000000000000e+01
1.571356783919598001e+02 -6.400000000000000000e+01
1.566959798994975017e+02 -6.400000000000000000e+01
1.562562814070351749e+02 -6.400000000000000000e+01
1.558165829145728480e+02 -6.400000000000000000e+01
1.553768844221105496e+02 -6.400000000000000000e+01
1.549371859296482512e+02 -6.400000000000000000e+01
1.544974874371859244e+02 -6.400000000000000000e+01
1.540577889447236259e+02 -6.400000000000000000e+01
1.536180904522612991e+02 -6.400000000000000000e+01
1.531783919597990007e+02 -6.400000000000000000e+01
1.527386934673366738e+02 -6.400000000000000000e+01
1.522989949748743754e+02 -6.400000000000000000e+01
1.518592964824120486e+02 -6.400000000000000000e+01
1.514195979899497502e+02 -6.400000000000000000e+01
1.509798994974874518e+02 -6.400000000000000000e+01
1.505402010050251249e+02 -6.400000000000000000e+01
1.501005025125627981e+02 -6.400000000000000000e+01
1.496608040201004997e+02 -6.400000000000000000e+01
1.492211055276382012e+02 -6.400000000000000000e+01
1.487814070351758744e+02 -6.400000000000000000e+01
1.483417085427135760e+02 -6.400000000000000000e+01
1.479020100502512491e+02 -6.400000000000000000e+01
1.474623115577889507e+02 -6.400000000000000000e+01
1.470226130653266239e+02 -6.400000000000000000e+01
1.465829145728643255e+02 -6.400000000000000000e+01
1.461432160804019986e+02 -6.400000000000000000e+01
1.457035175879397002e+02 -6.400000000000000000e+01
1.452638190954774018e+02 -6.400000000000000000e+01
1.448241206030150749e+02 -6.400000000000000000e+01
1.443844221105527481e+02 -6.400000000000000000e+01
1.439447236180904497e+02 -6.400000000000000000e+01
1.435050251256281513e+02 -6.400000000000000000e+01
1.430653266331658244e+02 -6.400000000000000000e+01
1.426256281407035260e+02 -6.400000000000000000e+01
1.421859296482411992e+02 -6.400000000000000000e+01
1.417462311557789008e+02 -6.400000000000000000e+01
1.413065326633165739e+02 -6.400000000000000000e+01
1.408668341708542755e+02 -6.400000000000000000e+01
1.404271356783919487e+02 -6.400000000000000000e+01
1.399874371859296502e+02 -6.400000000000000000e+01
1.395477386934673518e+02 -6.400000000000000000e+01
1.391080402010050250e+02 -6.400000000000000000e+01
1.386683417085426981e+02 -6.400000000000000000e+01
1.382286432160803997e+02 -6.400000000000000000e+01
1.377889447236181013e+02 -6.400000000000000000e+01
1.373492462311557745e+02 -6.400000000000000000e+01
1.369095477386934760e+02 -6.400000000000000000e+01
1.364698492462311492e+02 -6.400000000000000000e+01
1.360301507537688508e+02 -6.400000000000000000e+01
1.355904522613065240e+02 -6.400000000000000000e+01
1.351507537688442255e+02 -6.400000000000000000e+01
1.347110552763818987e+02 -6.400000000000000000e+01
1.342713567839196003e+02 -6.400000000000000000e+01
1.338316582914573019e+02 -6.400000000000000000e+01
1.333919597989949750e+02 -6.400000000000000000e+01
1.329522613065326482e+02 -6.400000000000000000e+01
1.325125628140703498e+02 -6.400000000000000000e+01
1.320728643216080513e+02 -6.400000000000000000e+01
1.316331658291457245e+02 -6.400000000000000000e+01
1.311934673366833977e+02 -6.400000000000000000e+01
1.307537688442210992e+02 -6.400000000000000000e+01
1.303140703517588008e+02 -6.400000000000000000e+01
1.298743718592964740e+02 -6.400000000000000000e+01
1.294346733668341756e+02 -6.400000000000000000e+01
1.289949748743718487e+02 -6.400000000000000000e+01
1.285552763819095503e+02 -6.400000000000000000e+01
1.281155778894472519e+02 -6.400000000000000000e+01
1.276758793969849251e+02 -6.400000000000000000e+01
1.272361809045226124e+02 -6.400000000000000000e+01
1.267964824120602998e+02 -6.400000000000000000e+01
1.263567839195979872e+02 -6.400000000000000000e+01
1.259170854271356745e+02 -6.400000000000000000e+01
1.254773869346733619e+02 -6.400000000000000000e+01
1.250376884422110493e+02 -6.400000000000000000e+01
1.245979899497487509e+02 -6.400000000000000000e+01
1.241582914572864240e+02 -6.400000000000000000e+01
1.237185929648241256e+02 -6.400000000000000000e+01
1.232788944723617988e+02 -6.400000000000000000e+01
1.228391959798995003e+02 -6.400000000000000000e+01
1.223994974874371735e+02 -6.400000000000000000e+01
1.219597989949748751e+02 -6.400000000000000000e+01
1.215201005025125625e+02 -6.400000000000000000e+01
1.210804020100502498e+02 -6.400000000000000000e+01
1.206407035175879372e+02 -6.400000000000000000e+01
1.202010050251256246e+02 -6.400000000000000000e+01
1.197613065326633119e+02 -6.400000000000000000e+01
1.193216080402009993e+02 -6.400000000000000000e+01
1.188819095477387009e+02 -6.400000000000000000e+01
1.184422110552763741e+02 -6.400000000000000000e+01
1.180025125628140756e+02 -6.400000000000000000e+01
1.175628140703517488e+02 -6.400000000000000000e+01
1.171231155778894504e+02 -6.400000000000000000e+01
1.166834170854271235e+02 -6.400000000000000000e+01
1.162437185929648251e+02 -6.400000000000000000e+01
1.158040201005025125e+02 -6.400000000000000000e+01
1.153643216080401999e+02 -6.400000000000000000e+01
1.149246231155778872e+02 -6.400000000000000000e+01
1.144849246231155746e+02 -6.400000000000000000e+01
1.140452261306532620e+02 -6.400000000000000000e+01
1.136055276381909493e+02 -6.400000000000000000e+01
1.131658291457286367e+02 -6.400000000000000000e+01
1.127261306532663241e+02 -6.400000000000000000e+01
1.122864321608040115e+02 -6.400000000000000000e+01
1.118467336683417130e+02 -6.400000000000000000e+01
1.114070351758794004e+02 -6.400000000000000000e+01
1.109673366834170878e+02 -6.400000000000000000e+01
1.105276381909547752e+02 -6.400000000000000000e+01
1.100879396984924625e+02 -6.400000000000000000e+01
1.096482412060301499e+02 -6.400000000000000000e+01
1.092085427135678373e+02 -6.400000000000000000e+01
1.087688442211055246e+02 -6.400000000000000000e+01
1.083291457286432120e+02 -6.400000000000000000e+01
1.078894472361808994e+02 -6.400000000000000000e+01
1.074497487437185868e+02 -6.400000000000000000e+01
1.070100502512562741e+02 -6.400000000000000000e+01
1.065703517587939615e+02 -6.400000000000000000e+01
1.061306532663316489e+02 -6.400000000000000000e+01
1.056909547738693504e+02 -6.400000000000000000e+01
1.052512562814070378e+02 -6.400000000000000000e+01
1.048115577889447252e+02 -6.400000000000000000e+01
1.043718592964824126e+02 -6.400000000000000000e+01
1.039321608040200999e+02 -6.400000000000000000e+01
1.034924623115577873e+02 -6.400000000000000000e+01
1.030527638190954747e+02 -6.400000000000000000e+01
1.026130653266331620e+02 -6.400000000000000000e+01
1.021733668341708494e+02 -6.400000000000000000e+01
1.017336683417085368e+02 -6.400000000000000000e+01
1.012939698492462242e+02 -6.400000000000000000e+01
1.008542713567839115e+02 -6.400000000000000000e+01
1.004145728643215989e+02 -6.400000000000000000e+01
9.997487437185930048e+01 -6.400000000000000000e+01
9.953517587939698785e+01 -6.400000000000000000e+01
9.909547738693467522e+01 -6.400000000000000000e+01
9.865577889447236259e+01 -6.400000000000000000e+01
9.821608040201004997e+01 -6.400000000000000000e+01
9.777638190954773734e+01 -6.400000000000000000e+01
9.733668341708542471e+01 -6.400000000000000000e+01
9.689698492462311208e+01 -6.400000000000000000e+01
9.645728643216079945e+01 -6.400000000000000000e+01
9.601758793969848682e+01 -6.400000000000000000e+01
9.557788944723617419e+01 -6.400000000000000000e+01
9.513819095477386156e+01 -6.400000000000000000e+01
9.469849246231154893e+01 -6.400000000000000000e+01
9.425879396984923630e+01 -6.400000000000000000e+01
9.381909547738693789e+01 -6.400000000000000000e+01
9.337939698492462526e+01 -6.400000000000000000e+01
9.293969849246231263e+01 -6.400000000000000000e+01
9.250000000000000000e+01 -6.400000000000000000e+01
9.206030150753768737e+01 -6.400000000000000000e+01
9.162060301507537474e+01 -6.400000000000000000e+01
9.118090452261306211e+01 -6.400000000000000000e+01
9.074120603015074948e+01 -6.400000000000000000e+01
9.030150753768843686e+01 -6.400000000000000000e+01
8.986180904522612423e+01 -6.400000000000000000e+01
8.942211055276381160e+01 -6.400000000000000000e+01
8.898241206030149897e+01 -6.400000000000000000e+01
8.854271356783918634e+01 -6.400000000000000000e+01
8.810301507537688792e+01 -6.400000000000000000e+01
8.766331658291457529e+01 -6.400000000000000000e+01
8.722361809045226266e+01 -6.400000000000000000e+01
8.678391959798995003e+01 -6.400000000000000000e+01
8.634422110552763741e+01 -6.400000000000000000e+01
8.590452261306532478e+01 -6.400000000000000000e+01
8.546482412060301215e+01 -6.400000000000000000e+01
8.502512562814069952e+01 -6.400000000000000000e+01
8.458542713567838689e+01 -6.400000000000000000e+01
8.414572864321607426e+01 -6.400000000000000000e+01
8.370603015075376163e+01 -6.400000000000000000e+01
8.326633165829144900e+01 -6.400000000000000000e+01
8.282663316582913637e+01 -6.400000000000000000e+01
8.238693467336682374e+01 -6.400000000000000000e+01
8.194723618090452533e+01 -6.400000000000000000e+01
8.150753768844221270e+01 -6.400000000000000000e+01
8.106783919597990007e+01 -6.400000000000000000e+01
8.062814070351758744e+01 -6.400000000000000000e+01
8.018844221105527481e+01 -6.400000000000000000e+01
7.974874371859296218e+01 -6.400000000000000000e+01
7.930904522613064955e+01 -6.400000000000000000e+01
7.886934673366833692e+01 -6.400000000000000000e+01
7.842964824120602430e+01 -6.400000000000000000e+01
7.798994974874371167e+01 -6.400000000000000000e+01
7.755025125628139904e+01 -6.400000000000000000e+01
7.711055276381908641e+01 -6.400000000000000000e+01
7.667085427135677378e+01 -6.400000000000000000e+01
7.623115577889447536e+01 -6.400000000000000000e+01
7.579145728643216273e+01 -6.400000000000000000e+01
7.535175879396985010e+01 -6.400000000000000000e+01
7.491206030150753747e+01 -6.400000000000000000e+01
7.447236180904522485e+01 -6.400000000000000000e+01
7.403266331658291222e+01 -6.400000000000000000e+01
7.359296482412059959e+01 -6.400000000000000000e+01
7.315326633165828696e+01 -6.400000000000000000e+01
7.271356783919597433e+01 -6.400000000000000000e+01
7.227386934673366170e+01 -6.400000000000000000e+01
7.183417085427134907e+01 -6.400000000000000000e+01
7.139447236180903644e+01 -6.400000000000000000e+01
7.095477386934672381e+01 -6.400000000000000000e+01
7.051507537688441118e+01 -6.400000000000000000e+01
7.007537688442211277e+01 -6.400000000000000000e+01
6.963567839195980014e+01 -6.400000000000000000e+01
6.919597989949748751e+01 -6.400000000000000000e+01
6.875628140703517488e+01 -6.400000000000000000e+01
6.831658291457286225e+01 -6.400000000000000000e+01
6.787688442211054962e+01 -6.400000000000000000e+01
6.743718592964823699e+01 -6.400000000000000000e+01
6.699748743718592436e+01 -6.400000000000000000e+01
6.655778894472361173e+01 -6.400000000000000000e+01
6.611809045226129911e+01 -6.400000000000000000e+01
6.567839195979898648e+01 -6.400000000000000000e+01
6.523869346733667385e+01 -6.400000000000000000e+01
6.479899497487436122e+01 -6.400000000000000000e+01
6.435929648241206280e+01 -6.400000000000000000e+01
6.391959798994975017e+01 -6.400000000000000000e+01
6.347989949748743754e+01 -6.400000000000000000e+01
6.304020100502512491e+01 -6.400000000000000000e+01
6.260050251256281229e+01 -6.400000000000000000e+01
6.216080402010049966e+01 -6.400000000000000000e+01
6.172110552763818703e+01 -6.400000000000000000e+01
6.128140703517587440e+01 -6.400000000000000000e+01
6.084170854271356177e+01 -6.400000000000000000e+01
6.040201005025124914e+01 -6.400000000000000000e+01
5.996231155778893651e+01 -6.400000000000000000e+01
5.952261306532662388e+01 -6.400000000000000000e+01
5.908291457286431125e+01 -6.400000000000000000e+01
5.864321608040199862e+01 -6.400000000000000000e+01
5.820351758793970021e+01 -6.400000000000000000e+01
5.776381909547738758e+01 -6.400000000000000000e+01
5.732412060301507495e+01 -6.400000000000000000e+01
5.688442211055276232e+01 -6.400000000000000000e+01
5.644472361809044969e+01 -6.400000000000000000e+01
5.600502512562813706e+01 -6.400000000000000000e+01
5.556532663316582443e+01 -6.400000000000000000e+01
5.512562814070351180e+01 -6.400000000000000000e+01
5.468592964824119917e+01 -6.400000000000000000e+01
5.424623115577888655e+01 -6.400000000000000000e+01
5.380653266331657392e+01 -6.400000000000000000e+01
5.336683417085426129e+01 -6.400000000000000000e+01
5.292713567839194866e+01 -6.400000000000000000e+01
5.248743718592965024e+01 -6.400000000000000000e+01
5.204773869346733761e+01 -6.400000000000000000e+01
5.160804020100502498e+01 -6.400000000000000000e+01
5.116834170854269814e+01 -6.400000000000000000e+01
5.072864321608039972e+01 -6.400000000000000000e+01
5.028894472361807289e+01 -6.400000000000000000e+01
4.984924623115577447e+01 -6.400000000000000000e+01
4.940954773869347605e+01 -6.400000000000000000e+01
4.896984924623114921e+01 -6.400000000000000000e+01
4.853015075376885079e+01 -6.400000000000000000e+01
4.809045226130652395e+01 -6.400000000000000000e+01
4.765075376884422553e+01 -6.400000000000000000e+01
4.721105527638189869e+01 -6.400000000000000000e+01
4.677135678391960028e+01 -6.400000000000000000e+01
4.633165829145727344e+01 -6.400000000000000000e+01
4.589195979899497502e+01 -6.400000000000000000e+01
4.545226130653264818e+01 -6.400000000000000000e+01
4.501256281407034976e+01 -6.400000000000000000e+01
4.457286432160802292e+01 -6.400000000000000000e+01
4.413316582914572450e+01 -6.400000000000000000e+01
4.369346733668342608e+01 -6.400000000000000000e+01
4.325376884422109924e+01 -6.400000000000000000e+01
4.281407035175880083e+01 -6.400000000000000000e+01
4.237437185929647399e+01 -6.400000000000000000e+01
4.193467336683417557e+01 -6.400000000000000000e+01
4.149497487437184873e+01 -6.400000000000000000e+01
4.105527638190955031e+01 -6.400000000000000000e+01
4.061557788944722347e+01 -6.400000000000000000e+01
4.017587939698492505e+01 -6.400000000000000000e+01
3.973618090452259821e+01 -6.400000000000000000e+01
3.929648241206029979e+01 -6.400000000000000000e+01
3.885678391959797295e+01 -6.400000000000000000e+01
3.841708542713567454e+01 -6.400000000000000000e+01
3.797738693467334770e+01 -6.400000000000000000e+01
3.753768844221104928e+01 -6.400000000000000000e+01
3.709798994974875086e+01 -6.400000000000000000e+01
3.665829145728642402e+01 -6.400000000000000000e+01
3.621859296482412560e+01 -6.400000000000000000e+01
3.577889447236179876e+01 -6.400000000000000000e+01
3.533919597989950034e+01 -6.400000000000000000e+01
3.489949748743717350e+01 -6.400000000000000000e+01
3.445979899497487509e+01 -6.400000000000000000e+01
3.402010050251254825e+01 -6.400000000000000000e+01
3.358040201005024983e+01 -6.400000000000000000e+01
3.314070351758792299e+01 -6.400000000000000000e+01
3.270100502512562457e+01 -6.400000000000000000e+01
3.226130653266329773e+01 -6.400000000000000000e+01
3.182160804020099931e+01 -6.400000000000000000e+01
3.138190954773870089e+01 -6.400000000000000000e+01
3.094221105527637405e+01 -6.400000000000000000e+01
3.050251256281407564e+01 -6.400000000000000000e+01
3.006281407035174880e+01 -6.400000000000000000e+01
2.962311557788945038e+01 -6.400000000000000000e+01
2.918341708542712354e+01 -6.400000000000000000e+01
2.874371859296482512e+01 -6.400000000000000000e+01
2.830402010050249828e+01 -6.400000000000000000e+01
2.786432160804019986e+01 -6.400000000000000000e+01
2.742462311557787302e+01 -6.400000000000000000e+01
2.698492462311557460e+01 -6.400000000000000000e+01
2.654522613065324776e+01 -6.400000000000000000e+01
2.610552763819094935e+01 -6.400000000000000000e+01
2.566582914572865093e+01 -6.400000000000000000e+01
2.522613065326632409e+01 -6.400000000000000000e+01
2.478643216080402567e+01 -6.400000000000000000e+01
2.434673366834169883e+01 -6.400000000000000000e+01
2.390703517587940041e+01 -6.400000000000000000e+01
2.346733668341707357e+01 -6.400000000000000000e+01
2.302763819095477515e+01 -6.400000000000000000e+01
2.258793969849244831e+01 -6.400000000000000000e+01
2.214824120603014990e+01 -6.400000000000000000e+01
2.170854271356782306e+01 -6.400000000000000000e+01
2.126884422110552464e+01 -6.400000000000000000e+01
2.082914572864319780e+01 -6.400000000000000000e+01
2.038944723618089938e+01 -6.400000000000000000e+01
1.994974874371860096e+01 -6.400000000000000000e+01
1.951005025125627412e+01 -6.400000000000000000e+01
1.907035175879397570e+01 -6.400000000000000000e+01
1.863065326633164887e+01 -6.400000000000000000e+01
1.819095477386935045e+01 -6.400000000000000000e+01
1.775125628140702361e+01 -6.400000000000000000e+01
1.731155778894472519e+01 -6.400000000000000000e+01
1.687185929648239835e+01 -6.400000000000000000e+01
1.643216080402009993e+01 -6.400000000000000000e+01
1.599246231155777309e+01 -6.400000000000000000e+01
1.555276381909547467e+01 -6.400000000000000000e+01
1.511306532663314783e+01 -6.400000000000000000e+01
1.467336683417084942e+01 -6.400000000000000000e+01
1.423366834170852258e+01 -6.400000000000000000e+01
1.379396984924622416e+01 -6.400000000000000000e+01
1.335427135678392574e+01 -6.400000000000000000e+01
1.291457286432159890e+01 -6.400000000000000000e+01
1.247487437185930048e+01 -6.400000000000000000e+01
1.203517587939697364e+01 -6.400000000000000000e+01
1.159547738693467522e+01 -6.400000000000000000e+01
1.115577889447234838e+01 -6.400000000000000000e+01
1.071608040201004997e+01 -6.400000000000000000e+01
1.027638190954772313e+01 -6.400000000000000000e+01
9.836683417085424708e+00 -6.400000000000000000e+01
9.396984924623097868e+00 -6.400000000000000000e+01
8.957286432160799450e+00 -6.400000000000000000e+01
8.517587939698472610e+00 -6.400000000000000000e+01
8.077889447236174192e+00 -6.400000000000000000e+01
7.638190954773875774e+00 -6.400000000000000000e+01
7.198492462311548934e+00 -6.400000000000000000e+01
6.758793969849250516e+00 -6.400000000000000000e+01
6.319095477386923676e+00 -6.400000000000000000e+01
5.879396984924625258e+00 -6.400000000000000000e+01
5.439698492462298418e+00 -6.400000000000000000e+01
5.000000000000000000e+00 -6.400000000000000000e+01
4.589041095890411093e+00 -6.415068493150684503e+01
4.178082191780822185e+00 -6.430136986301370428e+01
3.767123287671232834e+00 -6.445205479452054931e+01
3.356164383561643927e+00 -6.460273972602739434e+01
2.945205479452055020e+00 -6.475342465753425358e+01
2.534246575342465668e+00 -6.490410958904109862e+01
2.123287671232876761e+00 -6.505479452054794365e+01
1.712328767123287854e+00 -6.520547945205478868e+01
1.301369863013698946e+00 -6.535616438356164792e+01
8.904109589041100392e-01 -6.550684931506849296e+01
4.794520547945211320e-01 -6.565753424657533799e+01
6.849315068493133651e-02 -6.580821917808219723e+01
-3.424657534246575707e-01 -6.595890410958904226e+01
-7.534246575342464780e-01 -6.610958904109588730e+01
-1.164383561643835385e+00 -6.626027397260273233e+01
-1.575342465753424293e+00 -6.641095890410959157e+01
-1.986301369863013200e+00 -6.656164383561643660e+01
-2.397260273972602107e+00 -6.671232876712328164e+01
-2.808219178082191014e+00 -6.686301369863014088e+01
-3.219178082191779922e+00 -6.701369863013698591e+01
-3.630136986301369717e+00 -6.716438356164383094e+01
-4.041095890410957736e+00 -6.731506849315069019e+01
-4.452054794520547532e+00 -6.746575342465753522e+01
-4.863013698630137327e+00 -6.761643835616438025e+01
-5.273972602739725346e+00 -6.776712328767123950e+01
-5.684931506849315141e+00 -6.791780821917808453e+01
-6.095890410958903161e+00 -6.806849315068492956e+01
-6.506849315068492956e+00 -6.821917808219177459e+01
-6.917808219178080975e+00 -6.836986301369863384e+01
-7.328767123287670771e+00 -6.852054794520547887e+01
-7.739726027397258790e+00 -6.867123287671232390e+01
-8.150684931506848585e+00 -6.882191780821918314e+01
-8.561643835616438380e+00 -6.897260273972602818e+01
-8.972602739726026400e+00 -6.912328767123287321e+01
-9.383561643835616195e+00 -6.927397260273971824e+01
-9.794520547945204214e+00 -6.942465753424657748e+01
-1.020547945205479401e+01 -6.957534246575342252e+01
-1.061643835616438203e+01 -6.972602739726026755e+01
-1.102739726027397182e+01 -6.987671232876712679e+01
-1.143835616438355984e+01 -7.002739726027397182e+01
-1.184931506849315141e+01 -7.017808219178081686e+01
-1.226027397260273943e+01 -7.032876712328767610e+01
-1.267123287671232745e+01 -7.047945205479452113e+01
-1.308219178082191547e+01 -7.063013698630136616e+01
-1.349315068493150704e+01 -7.078082191780822541e+01
-1.390410958904109506e+01 -7.093150684931507044e+01
-1.431506849315068308e+01 -7.108219178082191547e+01
-1.472602739726027465e+01 -7.123287671232876050e+01
-1.513698630136986267e+01 -7.138356164383561975e+01
-1.554794520547945069e+01 -7.153424657534246478e+01
-1.595890410958903871e+01 -7.168493150684930981e+01
-1.636986301369863028e+01 -7.183561643835616906e+01
-1.678082191780821830e+01 -7.198630136986301409e+01
-1.719178082191780632e+01 -7.213698630136985912e+01
-1.760273972602739434e+01 -7.228767123287670415e+01
-1.801369863013698591e+01 -7.243835616438356340e+01
-1.842465753424657393e+01 -7.258904109589040843e+01
-1.883561643835616195e+01 -7.273972602739726767e+01
-1.924657534246575352e+01 -7.289041095890411270e+01
-1.965753424657534154e+01 -7.304109589041095774e+01
-2.006849315068492956e+01 -7.319178082191780277e+01
-2.047945205479451758e+01 -7.334246575342466201e+01
-2.089041095890410915e+01 -7.349315068493150704e+01
-2.130136986301369717e+01 -7.364383561643835208e+01
-2.171232876712328519e+01 -7.379452054794521132e+01
-2.212328767123287676e+01 -7.394520547945205635e+01
-2.253424657534246478e+01 -7.409589041095890138e+01
-2.294520547945205280e+01 -7.424657534246574642e+01
-2.335616438356164082e+01 -7.439726027397260566e+01
-2.376712328767123239e+01 -7.454794520547945069e+01
-2.417808219178082041e+01 -7.469863013698629572e+01
-2.458904109589040843e+01 -7.484931506849315497e+01
-2.500000000000000000e+01 -7.500000000000000000e+01
-2.543661971830985991e+01 -7.500000000000000000e+01
-2.587323943661971981e+01 -7.500000000000000000e+01
-2.630985915492957616e+01 -7.500000000000000000e+01
-2.674647887323943607e+01 -7.500000000000000000e+01
-2.718309859154929597e+01 -7.500000000000000000e+01
-2.761971830985915588e+01 -7.500000000000000000e+01
-2.805633802816901579e+01 -7.500000000000000000e+01
-2.849295774647887214e+01 -7.500000000000000000e+01
-2.892957746478873204e+01 -7.500000000000000000e+01
-2.936619718309859195e+01 -7.500000000000000000e+01
-2.980281690140844830e+01 -7.500000000000000000e+01
-3.023943661971831176e+01 -7.500000000000000000e+01
-3.067605633802816811e+01 -7.500000000000000000e+01
-3.111267605633802802e+01 -7.500000000000000000e+01
-3.154929577464788792e+01 -7.500000000000000000e+01
-3.198591549295774428e+01 -7.500000000000000000e+01
-3.242253521126760774e+01 -7.500000000000000000e+01
-3.285915492957746409e+01 -7.500000000000000000e+01
-3.329577464788732755e+01 -7.500000000000000000e+01
-3.373239436619718390e+01 -7.500000000000000000e+01
-3.416901408450704025e+01 -7.500000000000000000e+01
-3.460563380281689660e+01 -7.500000000000000000e+01
-3.504225352112676006e+01 -7.500000000000000000e+01
-3.547887323943662352e+01 -7.500000000000000000e+01
-3.591549295774647987e+01 -7.500000000000000000e+01
-3.635211267605633623e+01 -7.500000000000000000e+01
-3.678873239436619258e+01 -7.500000000000000000e+01
-3.722535211267605604e+01 -7.500000000000000000e+01
-3.766197183098591239e+01 -7.500000000000000000e+01
-3.809859154929577585e+01 -7.500000000000000000e+01
-3.853521126760563220e+01 -7.500000000000000000e+01
-3.897183098591548855e+01 -7.500000000000000000e+01
-3.940845070422535201e+01 -7.500000000000000000e+01
-3.984507042253520837e+01 -7.500000000000000000e+01
-4.028169014084507182e+01 -7.500000000000000000e+01
-4.071830985915492818e+01 -7.500000000000000000e+01
-4.115492957746478453e+01 -7.500000000000000000e+01
-4.159154929577464799e+01 -7.500000000000000000e+01
-4.202816901408450434e+01 -7.500000000000000000e+01
-4.246478873239436780e+01 -7.500000000000000000e+01
-4.290140845070422415e+01 -7.500000000000000000e+01
-4.333802816901408050e+01 -7.500000000000000000e+01
-4.377464788732394396e+01 -7.500000000000000000e+01
-4.421126760563380031e+01 -7.500000000000000000e+01
-4.464788732394366377e+01 -7.500000000000000000e+01
-4.508450704225352013e+01 -7.500000000000000000e+01
-4.552112676056337648e+01 -7.500000000000000000e+01
-4.595774647887323994e+01 -7.500000000000000000e+01
-4.639436619718309629e+01 -7.500000000000000000e+01
-4.683098591549295975e+01 -7.500000000000000000e+01
-4.726760563380281610e+01 -7.500000000000000000e+01
-4.770422535211267245e+01 -7.500000000000000000e+01
-4.814084507042252881e+01 -7.500000000000000000e+01
-4.857746478873239226e+01 -7.500000000000000000e+01
-4.901408450704225572e+01 -7.500000000000000000e+01
-4.945070422535211208e+01 -7.500000000000000000e+01
-4.988732394366196843e+01 -7.500000000000000000e+01
-5.032394366197182478e+01 -7.500000000000000000e+01
-5.076056338028168824e+01 -7.500000000000000000e+01
-5.119718309859155170e+01 -7.500000000000000000e+01
-5.163380281690140805e+01 -7.500000000000000000e+01
-5.207042253521126440e+01 -7.500000000000000000e+01
-5.250704225352112076e+01 -7.500000000000000000e+01
-5.294366197183098421e+01 -7.500000000000000000e+01
-5.338028169014084767e+01 -7.500000000000000000e+01
-5.381690140845070403e+01 -7.500000000000000000e+01
-5.425352112676056038e+01 -7.500000000000000000e+01
-5.469014084507041673e+01 -7.500000000000000000e+01
-5.512676056338028019e+01 -7.500000000000000000e+01
-5.556338028169014365e+01 -7.500000000000000000e+01
-5.600000000000000000e+01 -7.500000000000000000e+01
-5.600000000000000000e+01 -7.456666666666666288e+01
-5.600000000000000000e+01 -7.413333333333333997e+01
-5.600000000000000000e+01 -7.370000000000000284e+01
-5.600000000000000000e+01 -7.326666666666666572e+01
-5.600000000000000000e+01 -7.283333333333332860e+01
-5.600000000000000000e+01 -7.240000000000000568e+01
-5.600000000000000000e+01 -7.196666666666666856e+01
-5.600000000000000000e+01 -7.153333333333333144e+01
-5.600000000000000000e+01 -7.109999999999999432e+01
-5.600000000000000000e+01 -7.066666666666667140e+01
-5.600000000000000000e+01 -7.023333333333333428e+01
-5.600000000000000000e+01 -6.979999999999999716e+01
-5.600000000000000000e+01 -6.936666666666666003e+01
-5.600000000000000000e+01 -6.893333333333333712e+01
-5.600000000000000000e+01 -6.850000000000000000e+01
-5.600000000000000000e+01 -6.806666666666666288e+01
-5.600000000000000000e+01 -6.763333333333332575e+01
-5.600000000000000000e+01 -6.720000000000000284e+01
-5.600000000000000000e+01 -6.676666666666666572e+01
-5.600000000000000000e+01 -6.633333333333332860e+01
-5.600000000000000000e+01 -6.590000000000000568e+01
-5.600000000000000000e+01 -6.546666666666666856e+01
-5.600000000000000000e+01 -6.503333333333333144e+01
-5.600000000000000000e+01 -6.459999999999999432e+01
-5.600000000000000000e+01 -6.416666666666667140e+01
-5.600000000000000000e+01 -6.373333333333333428e+01
-5.600000000000000000e+01 -6.329999999999999716e+01
-5.600000000000000000e+01 -6.286666666666666714e+01
-5.600000000000000000e+01 -6.243333333333333712e+01
-5.600000000000000000e+01 -6.200000000000000000e+01
-5.642857142857143060e+01 -6.200000000000000000e+01
-5.685714285714285410e+01 -6.200000000000000000e+01
-5.728571428571428470e+01 -6.200000000000000000e+01
-5.771428571428571530e+01 -6.200000000000000000e+01
-5.814285714285714590e+01 -6.200000000000000000e+01
-5.857142857142856940e+01 -6.200000000000000000e+01
-5.900000000000000000e+01 -6.200000000000000000e+01
-5.942857142857143060e+01 -6.200000000000000000e+01
-5.985714285714285410e+01 -6.200000000000000000e+01
-6.028571428571428470e+01 -6.200000000000000000e+01
-6.071428571428571530e+01 -6.200000000000000000e+01
-6.114285714285713880e+01 -6.200000000000000000e+01
-6.157142857142856940e+01 -6.200000000000000000e+01
-6.200000000000000000e+01 -6.200000000000000000e+01
-6.242857142857143060e+01 -6.200000000000000000e+01
-6.285714285714285410e+01 -6.200000000000000000e+01
-6.328571428571428470e+01 -6.200000000000000000e+01
-6.371428571428571530e+01 -6.200000000000000000e+01
-6.414285714285713880e+01 -6.200000000000000000e+01
-6.457142857142856940e+01 -6.200000000000000000e+01
-6.500000000000000000e+01 -6.200000000000000000e+01
-6.538461538461538680e+01 -6.220512820512820440e+01
-6.576923076923077360e+01 -6.241025641025640880e+01
-6.615384615384616041e+01 -6.261538461538461320e+01
-6.653846153846153300e+01 -6.282051282051281760e+01
-6.692307692307691980e+01 -6.302564102564102200e+01
-6.730769230769230660e+01 -6.323076923076923350e+01
-6.769230769230769340e+01 -6.343589743589743790e+01
-6.807692307692308020e+01 -6.364102564102564230e+01
-6.846153846153846700e+01 -6.384615384615384670e+01
-6.884615384615383959e+01 -6.405128205128204399e+01
-6.923076923076922640e+01 -6.425641025641026260e+01
-6.961538461538461320e+01 -6.446153846153846700e+01
-7.000000000000000000e+01 -6.466666666666667140e+01
-7.038461538461538680e+01 -6.487179487179487580e+01
-7.076923076923077360e+01 -6.507692307692308020e+01
-7.115384615384616041e+01 -6.528205128205128460e+01
-7.153846153846153300e+01 -6.548717948717948900e+01
-7.192307692307691980e+01 -6.569230769230769340e+01
-7.230769230769230660e+01 -6.589743589743589780e+01
-7.269230769230769340e+01 -6.610256410256410220e+01
-7.307692307692308020e+01 -6.630769230769230660e+01
-7.346153846153846700e+01 -6.651282051282051100e+01
-7.384615384615383959e+01 -6.671794871794871540e+01
-7.423076923076922640e+01 -6.692307692307691980e+01
-7.461538461538461320e+01 -6.712820512820512420e+01
-7.500000000000000000e+01 -6.733333333333332860e+01
-7.538461538461538680e+01 -6.753846153846153300e+01
-7.576923076923077360e+01 -6.774358974358973740e+01
-7.615384615384616041e+01 -6.794871794871795601e+01
-7.653846153846153300e+01 -6.815384615384616041e+01
-7.692307692307691980e+01 -6.835897435897436480e+01
-7.730769230769230660e+01 -6.856410256410256920e+01
-7.769230769230769340e+01 -6.876923076923077360e+01
-7.807692307692308020e+01 -6.897435897435897800e+01
-7.846153846153846700e+01 -6.917948717948718240e+01
-7.884615384615383959e+01 -6.938461538461538680e+01
-7.923076923076922640e+01 -6.958974358974359120e+01
-7.961538461538461320e+01 -6.979487179487179560e+01
-8.000000000000000000e+01 -7.000000000000000000e+01
-8.043859649122806843e+01 -7.000000000000000000e+01
-8.087719298245613686e+01 -7.000000000000000000e+01
-8.131578947368420529e+01 -7.000000000000000000e+01
-8.175438596491227372e+01 -7.000000000000000000e+01
-8.219298245614035636e+01 -7.000000000000000000e+01
-8.263157894736842479e+01 -7.000000000000000000e+01
-8.307017543859649322e+01 -7.000000000000000000e+01
-8.350877192982456165e+01 -7.000000000000000000e+01
-8.394736842105263008e+01 -7.000000000000000000e+01
-8.438596491228069851e+01 -7.000000000000000000e+01
-8.482456140350876694e+01 -7.000000000000000000e+01
-8.526315789473683537e+01 -7.000000000000000000e+01
-8.570175438596491801e+01 -7.000000000000000000e+01
-8.614035087719298645e+01 -7.000000000000000000e+01
-8.657894736842105488e+01 -7.000000000000000000e+01
-8.701754385964912331e+01 -7.000000000000000000e+01
-8.745614035087719174e+01 -7.000000000000000000e+01
-8.789473684210526017e+01 -7.000000000000000000e+01
-8.833333333333332860e+01 -7.000000000000000000e+01
-8.877192982456139703e+01 -7.000000000000000000e+01
-8.921052631578947967e+01 -7.000000000000000000e+01
-8.964912280701754810e+01 -7.000000000000000000e+01
-9.008771929824561653e+01 -7.000000000000000000e+01
-9.052631578947368496e+01 -7.000000000000000000e+01
-9.096491228070175339e+01 -7.000000000000000000e+01
-9.140350877192982182e+01 -7.000000000000000000e+01
-9.184210526315789025e+01 -7.000000000000000000e+01
-9.228070175438595868e+01 -7.000000000000000000e+01
-9.271929824561402711e+01 -7.000000000000000000e+01
-9.315789473684210975e+01 -7.000000000000000000e+01
-9.359649122807017818e+01 -7.000000000000000000e+01
-9.403508771929824661e+01 -7.000000000000000000e+01
-9.447368421052631504e+01 -7.000000000000000000e+01
-9.491228070175438347e+01 -7.000000000000000000e+01
-9.535087719298245190e+01 -7.000000000000000000e+01
-9.578947368421052033e+01 -7.000000000000000000e+01
-9.622807017543860297e+01 -7.000000000000000000e+01
-9.666666666666665719e+01 -7.000000000000000000e+01
-9.710526315789473983e+01 -7.000000000000000000e+01
-9.754385964912280826e+01 -7.000000000000000000e+01
-9.798245614035087669e+01 -7.000000000000000000e+01
-9.842105263157894512e+01 -7.000000000000000000e+01
-9.885964912280701355e+01 -7.000000000000000000e+01
-9.929824561403508199e+01 -7.000000000000000000e+01
-9.973684210526315042e+01 -7.000000000000000000e+01
-1.001754385964912331e+02 -7.000000000000000000e+01
-1.006140350877193015e+02 -7.000000000000000000e+01
-1.010526315789473699e+02 -7.000000000000000000e+01
-1.014912280701754383e+02 -7.000000000000000000e+01
-1.019298245614035068e+02 -7.000000000000000000e+01
-1.023684210526315752e+02 -7.000000000000000000e+01
-1.028070175438596436e+02 -7.000000000000000000e+01
-1.032456140350877263e+02 -7.000000000000000000e+01
-1.036842105263157805e+02 -7.000000000000000000e+01
-1.041228070175438631e+02 -7.000000000000000000e+01
-1.045614035087719316e+02 -7.000000000000000000e+01
-1.050000000000000000e+02 -7.000000000000000000e+01
-1.054385964912280684e+02 -7.000000000000000000e+01
-1.058771929824561369e+02 -7.000000000000000000e+01
-1.063157894736842053e+02 -7.000000000000000000e+01
-1.067543859649122737e+02 -7.000000000000000000e+01
-1.071929824561403564e+02 -7.000000000000000000e+01
-1.076315789473684248e+02 -7.000000000000000000e+01
-1.080701754385964932e+02 -7.000000000000000000e+01
-1.085087719298245617e+02 -7.000000000000000000e+01
-1.089473684210526301e+02 -7.000000000000000000e+01
-1.093859649122806985e+02 -7.000000000000000000e+01
-1.098245614035087669e+02 -7.000000000000000000e+01
-1.102631578947368354e+02 -7.000000000000000000e+01
-1.107017543859649038e+02 -7.000000000000000000e+01
-1.111403508771929864e+02 -7.000000000000000000e+01
-1.115789473684210549e+02 -7.000000000000000000e+01
-1.120175438596491233e+02 -7.000000000000000000e+01
-1.124561403508771917e+02 -7.000000000000000000e+01
-1.128947368421052602e+02 -7.000000000000000000e+01
-1.133333333333333286e+02 -7.000000000000000000e+01
-1.137719298245613970e+02 -7.000000000000000000e+01
-1.142105263157894797e+02 -7.000000000000000000e+01
-1.146491228070175339e+02 -7.000000000000000000e+01
-1.150877192982456165e+02 -7.000000000000000000e+01
-1.155263157894736850e+02 -7.000000000000000000e+01
-1.159649122807017534e+02 -7.000000000000000000e+01
-1.164035087719298218e+02 -7.000000000000000000e+01
-1.168421052631578902e+02 -7.000000000000000000e+01
-1.172807017543859729e+02 -7.000000000000000000e+01
-1.177192982456140271e+02 -7.000000000000000000e+01
-1.181578947368421098e+02 -7.000000000000000000e+01
-1.185964912280701640e+02 -7.000000000000000000e+01
-1.190350877192982466e+02 -7.000000000000000000e+01
-1.194736842105263150e+02 -7.000000000000000000e+01
-1.199122807017543835e+02 -7.000000000000000000e+01
-1.203508771929824519e+02 -7.000000000000000000e+01
-1.207894736842105203e+02 -7.000000000000000000e+01
-1.212280701754386030e+02 -7.000000000000000000e+01
-1.216666666666666572e+02 -7.000000000000000000e+01
-1.221052631578947398e+02 -7.000000000000000000e+01
-1.225438596491227941e+02 -7.000000000000000000e+01
-1.229824561403508767e+02 -7.000000000000000000e+01
-1.234210526315789451e+02 -7.000000000000000000e+01
-1.238596491228070136e+02 -7.000000000000000000e+01
-1.242982456140350820e+02 -7.000000000000000000e+01
-1.247368421052631504e+02 -7.000000000000000000e+01
-1.251754385964912331e+02 -7.000000000000000000e+01
-1.256140350877192873e+02 -7.000000000000000000e+01
-1.260526315789473699e+02 -7.000000000000000000e+01
-1.264912280701754383e+02 -7.000000000000000000e+01
-1.269298245614035068e+02 -7.000000000000000000e+01
-1.273684210526315752e+02 -7.000000000000000000e+01
-1.278070175438596436e+02 -7.000000000000000000e+01
-1.282456140350877263e+02 -7.000000000000000000e+01
-1.286842105263157805e+02 -7.000000000000000000e+01
-1.291228070175438631e+02 -7.000000000000000000e+01
-1.295614035087719174e+02 -7.000000000000000000e+01
-1.300000000000000000e+02 -7.000000000000000000e+01
-1.304385964912280542e+02 -7.000000000000000000e+01
-1.308771929824561369e+02 -7.000000000000000000e+01
-1.313157894736842195e+02 -7.000000000000000000e+01
-1.317543859649122737e+02 -7.000000000000000000e+01
-1.321929824561403564e+02 -7.000000000000000000e+01
-1.326315789473684106e+02 -7.000000000000000000e+01
-1.330701754385964932e+02 -7.000000000000000000e+01
-1.335087719298245474e+02 -7.000000000000000000e+01
-1.339473684210526301e+02 -7.000000000000000000e+01
-1.343859649122807127e+02 -7.000000000000000000e+01
-1.348245614035087669e+02 -7.000000000000000000e+01
-1.352631578947368496e+02 -7.000000000000000000e+01
-1.357017543859649038e+02 -7.000000000000000000e+01
-1.361403508771929864e+02 -7.000000000000000000e+01
-1.365789473684210407e+02 -7.000000000000000000e+01
-1.370175438596491233e+02 -7.000000000000000000e+01
-1.374561403508772059e+02 -7.000000000000000000e+01
-1.378947368421052602e+02 -7.000000000000000000e+01
-1.383333333333333144e+02 -7.000000000000000000e+01
-1.387719298245613970e+02 -7.000000000000000000e+01
-1.392105263157894797e+02 -7.000000000000000000e+01
-1.396491228070175339e+02 -7.000000000000000000e+01
-1.400877192982456165e+02 -7.000000000000000000e+01
-1.405263157894736707e+02 -7.000000000000000000e+01
-1.409649122807017534e+02 -7.000000000000000000e+01
-1.414035087719298076e+02 -7.000000000000000000e+01
-1.418421052631578902e+02 -7.000000000000000000e+01
-1.422807017543859729e+02 -7.000000000000000000e+01
-1.427192982456140271e+02 -7.000000000000000000e+01
-1.431578947368421098e+02 -7.000000000000000000e+01
-1.435964912280701640e+02 -7.000000000000000000e+01
-1.440350877192982466e+02 -7.000000000000000000e+01
-1.444736842105263008e+02 -7.000000000000000000e+01
-1.449122807017543835e+02 -7.000000000000000000e+01
-1.453508771929824661e+02 -7.000000000000000000e+01
-1.457894736842105203e+02 -7.000000000000000000e+01
-1.462280701754385746e+02 -7.000000000000000000e+01
-1.466666666666666572e+02 -7.000000000000000000e+01
-1.471052631578947398e+02 -7.000000000000000000e+01
-1.475438596491227941e+02 -7.000000000000000000e+01
-1.479824561403508767e+02 -7.000000000000000000e+01
-1.484210526315789593e+02 -7.000000000000000000e+01
-1.488596491228070136e+02 -7.000000000000000000e+01
-1.492982456140350678e+02 -7.000000000000000000e+01
-1.497368421052631504e+02 -7.000000000000000000e+01
-1.501754385964912331e+02 -7.000000000000000000e+01
-1.506140350877192873e+02 -7.000000000000000000e+01
-1.510526315789473699e+02 -7.000000000000000000e+01
-1.514912280701754526e+02 -7.000000000000000000e+01
-1.519298245614035068e+02 -7.000000000000000000e+01
-1.523684210526315610e+02 -7.000000000000000000e+01
-1.528070175438596436e+02 -7.000000000000000000e+01
-1.532456140350877263e+02 -7.000000000000000000e+01
-1.536842105263157805e+02 -7.000000000000000000e+01
-1.541228070175438347e+02 -7.000000000000000000e+01
-1.545614035087719458e+02 -7.000000000000000000e+01
-1.550000000000000000e+02 -7.000000000000000000e+01
-1.554385964912280542e+02 -7.000000000000000000e+01
-1.558771929824561369e+02 -7.000000000000000000e+01
-1.563157894736842195e+02 -7.000000000000000000e+01
-1.567543859649122737e+02 -7.000000000000000000e+01
-1.571929824561403279e+02 -7.000000000000000000e+01
-1.576315789473684106e+02 -7.000000000000000000e+01
-1.580701754385964932e+02 -7.000000000000000000e+01
-1.585087719298245474e+02 -7.000000000000000000e+01
-1.589473684210526301e+02 -7.000000000000000000e+01
-1.593859649122807127e+02 -7.000000000000000000e+01
-1.598245614035087669e+02 -7.000000000000000000e+01
-1.602631578947368212e+02 -7.000000000000000000e+01
-1.607017543859649038e+02 -7.000000000000000000e+01
-1.611403508771929864e+02 -7.000000000000000000e+01
-1.615789473684210407e+02 -7.000000000000000000e+01
-1.620175438596491233e+02 -7.000000000000000000e+01
-1.624561403508772059e+02 -7.000000000000000000e+01
-1.628947368421052602e+02 -7.000000000000000000e+01
-1.633333333333333144e+02 -7.000000000000000000e+01
-1.637719298245613970e+02 -7.000000000000000000e+01
-1.642105263157894797e+02 -7.000000000000000000e+01
-1.646491228070175339e+02 -7.000000000000000000e+01
-1.650877192982455881e+02 -7.000000000000000000e+01
-1.655263157894736992e+02 -7.000000000000000000e+01
-1.659649122807017534e+02 -7.000000000000000000e+01
-1.664035087719298076e+02 -7.000000000000000000e+01
-1.668421052631578902e+02 -7.000000000000000000e+01
-1.672807017543859729e+02 -7.000000000000000000e+01
-1.677192982456140271e+02 -7.000000000000000000e+01
-1.681578947368420813e+02 -7.000000000000000000e+01
-1.685964912280701640e+02 -7.000000000000000000e+01
-1.690350877192982466e+02 -7.000000000000000000e+01
-1.694736842105263008e+02 -7.000000000000000000e+01
-1.699122807017543835e+02 -7.000000000000000000e+01
-1.703508771929824661e+02 -7.000000000000000000e+01
-1.707894736842105203e+02 -7.000000000000000000e+01
-1.712280701754385746e+02 -7.000000000000000000e+01
-1.716666666666666572e+02 -7.000000000000000000e+01
-1.721052631578947398e+02 -7.000000000000000000e+01
-1.725438596491227941e+02 -7.000000000000000000e+01
-1.729824561403508767e+02 -7.000000000000000000e+01
-1.734210526315789593e+02 -7.000000000000000000e+01
-1.738596491228070136e+02 -7.000000000000000000e+01
-1.742982456140350678e+02 -7.000000000000000000e+01
-1.747368421052631504e+02 -7.000000000000000000e+01
-1.751754385964912331e+02 -7.000000000000000000e+01
-1.756140350877192873e+02 -7.000000000000000000e+01
-1.760526315789473699e+02 -7.000000000000000000e+01
-1.764912280701754526e+02 -7.000000000000000000e+01
-1.769298245614035068e+02 -7.000000000000000000e+01
-1.773684210526315610e+02 -7.000000000000000000e+01
-1.778070175438596436e+02 -7.000000000000000000e+01
-1.782456140350877263e+02 -7.000000000000000000e+01
-1.786842105263157805e+02 -7.000000000000000000e+01
-1.791228070175438347e+02 -7.000000000000000000e+01
-1.795614035087719174e+02 -7.000000000000000000e+01
-1.800000000000000000e+02 -7.000000000000000000e+01
-1.800000000000000000e+02 -6.956250000000000000e+01
-1.800000000000000000e+02 -6.912500000000000000e+01
-1.800000000000000000e+02 -6.868750000000000000e+01
-1.800000000000000000e+02 -6.825000000000000000e+01
-1.800000000000000000e+02 -6.781250000000000000e+01
-1.800000000000000000e+02 -6.737500000000000000e+01
-1.800000000000000000e+02 -6.693750000000000000e+01
-1.800000000000000000e+02 -6.650000000000000000e+01
-1.800000000000000000e+02 -6.606250000000000000e+01
-1.800000000000000000e+02 -6.562500000000000000e+01
-1.800000000000000000e+02 -6.518750000000000000e+01
-1.800000000000000000e+02 -6.475000000000000000e+01
-1.800000000000000000e+02 -6.431250000000000000e+01
-1.800000000000000000e+02 -6.387500000000000000e+01
-1.800000000000000000e+02 -6.343750000000000000e+01
-1.800000000000000000e+02 -6.300000000000000000e+01
-1.800000000000000000e+02 -6.256250000000000000e+01
-1.800000000000000000e+02 -6.212500000000000000e+01
-1.800000000000000000e+02 -6.168750000000000000e+01
-1.800000000000000000e+02 -6.125000000000000000e+01
-1.800000000000000000e+02 -6.081250000000000000e+01
-1.800000000000000000e+02 -6.037500000000000000e+01
-1.800000000000000000e+02 -5.993750000000000000e+01
-1.800000000000000000e+02 -5.950000000000000000e+01
-1.800000000000000000e+02 -5.906250000000000000e+01
-1.800000000000000000e+02 -5.862500000000000000e+01
-1.800000000000000000e+02 -5.818750000000000000e+01
-1.800000000000000000e+02 -5.775000000000000000e+01
-1.800000000000000000e+02 -5.731250000000000000e+01
-1.800000000000000000e+02 -5.687500000000000000e+01
-1.800000000000000000e+02 -5.643750000000000000e+01
-1.800000000000000000e+02 -5.600000000000000000e+01
