0.17117017000678753
0.10280636530932225
0.10028936357055347
0.18927273432014163
0.14920199637211023
0.18905528480224765
0.150538909139802
0.18608198916138677
0.1649205077019563
0.16722476999632765
0.13787423480251398
0.1817481680919565
0.17810984191113127
0.19800944006869511
0.15646257168400102
0.16788709308839544
0.13660648119583857
0.11591965754429462
0.12677431365007635
0.19522905405995697
0.17972004061235616
0.10158445689900021
0.18684524928667037
0.15375199513880636
0.14182457816627492
0.19374822942850312
0.15182380836398401
0.16552441035272136
0.17750769696717308
0.13369573610563917
