0.8303969418818986
0.8393020151341781
0.8266907899544852
0.841577600540667
0.8201397600658784
0.8396330727676607
0.8207695823399775
0.8473710556529379
0.8419233493608832
0.8249438014388666
0.8528111164281832
0.8242262039506592
0.831978010572438
0.8291760855724744
0.8332289306224601
0.8151817821583429
0.8317258889943882
0.8259633535814261
0.8102668976180523
0.8555768709784295
0.8342701528746891
0.8267241686069058
0.8318894183879706
0.8096759036083202
0.8327502182758499
0.8226005489701713
0.8323546828915975
0.8302580651102139
0.8111098477677623
0.817365418728042
