5.611759968958852e-05
5.7576076858954e-05
6.564638377297382e-05
5.688824048461089e-05
4.807917496064289e-05
3.433353220186828e-05
4.693114180620305e-05
3.5511633132432704e-05
2.7366517417483996e-05
8.467755122838327e-05
1.79300883026804e-05
4.7270084774955955e-05
4.291491848636704e-05
4.06916002167729e-05
3.994504122056232e-05
8.377958858178335e-05
6.685284817792262e-05
5.786483354640179e-05
0.00010881888147169788
4.766432993823381e-05
2.0826516185773866e-05
2.71546281768835e-05
4.931881538787143e-05
9.605550642767848e-05
7.548689709815424e-05
0.00011732800305876297
4.946443784286283e-05
7.790810952522052e-05
6.566105916138814e-05
0.00010830274440600829
