6.158360254747601e-05
5.961668150829933e-05
6.706103865297345e-05
3.992970735735994e-05
5.601715390975923e-05
5.0002166391349104e-05
7.26404677874656e-05
3.5684915834793865e-05
9.953527871467699e-05
6.147099815979426e-05
5.3960026479778756e-05
5.055949906330631e-05
6.974521641434692e-05
6.027109777659285e-05
4.3235176960587875e-05
7.033601818592125e-05
4.852789561336016e-05
8.17099592186184e-05
7.054665830998828e-05
4.691807445314958e-05
2.0421030997594546e-05
6.466972414634411e-05
1.1015236116276625e-05
3.209090201618492e-05
7.646702417281497e-05
7.374252231804507e-05
2.4289563216842163e-05
1.547519215577908e-05
2.6727526334101943e-05
2.220637917838377e-05
