1.112600040365873
3.0011150107868705
3.172213563731408
2.8145158556445726
3.532425190779429
0.48554042238864686
0.8669482669527218
2.3148766098580635
1.0127632822293378
3.7914731134937676
3.02912657011002
3.590633859119698
3.3317532830088648
3.1728526870686684
3.735987902974971
1.0133026112904555
3.9889217222409465
1.4982012034786147
1.8341489760622143
3.443648682291634
1.5508927089447397
2.4960825162708646
2.2891483159123847
2.1809286274608817
1.8195213800506578
0.9845273254393767
3.3161488277971927
2.1233784127195605
2.4358447089466
2.10220078105582
