3.4077805713855933
3.711289063360458
3.9225146647096243
3.501326202210704
3.905371246133823
3.679746443081021
3.634927161306704
3.7099190768647716
3.9953516438297494
3.836195246651789
3.8231032573373156
3.683085910730558
3.4583927769510585
3.353315947021328
3.6020779752812104
3.7452159218050545
3.9954553875142262
3.898342471176383
3.617720523188165
3.772190016261128
3.5651749236327155
3.8721415352385606
3.8642841184835226
3.617815276039094
3.618535003226139
3.9073976646363446
3.8056275247648945
3.8503454627215112
3.7084944876742614
3.8687304137034517
