0.8781031803018398
0.8001092422164084
0.9360811488355174
0.8022626956432093
1.1739472686021482
0.8838023920835039
1.026037759220424
0.7021378011572548
0.9727060162674035
0.9572753190639081
0.6913768704058493
1.0270066620994522
0.8660317387056169
0.9308901763258268
0.925640748379845
1.0169258058806736
0.8617650637741944
0.9024856070382967
0.9861312963517005
0.6889301023982285
0.9183316628070266
1.1488721707693519
1.0482729546540774
1.0056298601741673
0.7959208730599445
0.9009749896349837
0.8992256537169476
0.9015144815842164
1.1603892176443087
0.8933238573975186
