0.9316824350118819
0.864782307526544
0.9162039733878182
0.8780138485071937
0.8922375861982897
0.9319573132257214
0.898628533472379
0.8651589960065309
0.8653640115812723
0.8715687161552116
0.8978468129997803
0.8911844998728147
0.8536017957458754
0.8817162904198954
0.8567379705573226
1.0019043428119359
0.8538838765368216
0.8621021335454594
0.8824522640162489
0.8612810038941761
0.8892135758027666
0.8721002955733523
0.8573860906945433
0.8802589101197064
0.9028755714318508
0.8909916593908458
0.9102771639108259
0.9384267761909868
0.8681538602660205
