0.6071702475281665
0.6423674065939113
0.6778231227742078
0.6074200987560456
0.605369926157912
0.6652439315283063
0.6232041423781333
0.6040419411548362
0.6522367030630379
0.6575210905074379
0.6110420973917263
0.6110896980298518
0.6107916745782868
0.6155057290183126
0.6425773347769417
0.6093406008464239
0.6102157027735524
0.6167009738080343
0.6364952474905182
0.6118570381156399
0.6123494973548435
0.6147454699836985
0.6072793416905125
0.613770388901912
0.6408917942875227
0.645538593977271
0.6269366204489709
0.6048449243633703
0.672119077784241
