0.00017661819903493949
0.00036019042506351095
0.00043363242158543565
0.0003164920505678526
0.00035795420098178976
0.00031972662984515796
0.00042222174076785577
0.00046357898852520307
0.0004361157943069107
7.923296948833463e-05
0.0004039445027230082
0.00034605697488936956
0.0005205339685230635
0.0003824671714937522
0.0004376052747341038
0.00015449129346386381
0.00045667638047144514
0.00034767787853902556
0.00044122532731792456
0.00032151264119896744
0.00035601748968171605
0.00040202609363940324
0.00048254113366653873
8.813081250159466e-05
7.224175291297304e-05
9.036637191113978e-05
8.416445638160088e-05
0.00023521577475261817
0.00045142886198113635
