9.295085453053402e-05
0.00023173212992286794
0.0003542236064503375
0.0001351585967226418
0.0001406999964600812
0.00033846050652364075
0.000687660531573189
0.0001455479807987818
0.000243011236931981
0.00011695370695468811
0.0001299397392558289
0.00015854997488641141
0.00011980636130750022
0.00015442242186430768
0.00021845700373930436
0.00013188209655894053
0.00013585823011588846
0.0001405143427732402
0.0001588390400225624
0.00015687109716442096
0.00016503527036366533
0.00013649666333196938
0.0001610713831097917
8.839090412115171e-05
9.337329714433266e-05
0.00012323490807015272
8.1373212089998e-05
0.0001353312217435145
0.00028998604221447155
