2114.5770721905033
10270.505105690247
10252.793846226716
9871.093893212807
7385.583434614496
10336.845937545731
9714.212708671705
3548.8949022682737
9582.056153895628
1953.561123068428
10381.532527234405
4694.98943337663
8784.836695426005
9234.648574149263
9864.089955884314
10332.096970188526
8787.815433125883
10062.57093091316
9556.097003235296
10067.164765573865
7176.322191885817
9336.234613427874
3316.8798977002566
2414.9955422061503
1922.6699926267056
2307.6302736463786
2716.92230012756
10278.786377093998
10087.539146412339
