0.00022504286778446492
0.0002489110611128741
0.0002673315207290983
0.00012889352304637814
5.86105322439176e-05
0.0002684795618956731
0.00025830269807175087
8.24885917287765e-05
0.00025999587795115395
0.0002492103876952759
6.910100813873467e-05
5.4854466135884266e-05
6.658506969921488e-05
6.826266913232112e-05
0.00026934082668079307
5.5876563749252546e-05
7.477134948347353e-05
0.0002294759225513363
0.0002532544559912704
0.0002676314507981836
5.07156034683821e-05
0.00011948953932349742
7.987279844796699e-05
0.00024016664238923067
0.00022447603221816716
0.0002670016426058948
0.0002462839618748221
5.857407745228887e-05
0.000257047432442334
