0.8210661287218356
0.7870183014873355
0.801412664786719
0.8075929716815595
0.8168110593499014
0.8204042224945585
0.831657061505274
0.8381151146138265
0.8021635964952893
0.8680831868075082
0.8350128063416701
0.8041663261203889
0.8508832422792376
0.8341151595273966
0.8172423571906156
0.7775051960027928
0.8215316917557443
0.8221895098459544
0.8773897301428997
0.880474706526776
0.7801556156980154
0.8524444293512818
0.830391844949367
0.8611211835774228
0.8170732704813697
0.8505922064077189
0.8109777505822957
0.8478685772177579
0.8448892877572436
0.8004550322657058
0.8362190223577165
0.8348874096331491
0.8262174559596904
0.8040023965596805
0.8327651192248311
0.7948510464777663
0.82342761591371
0.7970339214863522
0.8159367331992233
0.8344418652111922
0.8794456502318173
0.8012479206662962
0.8275010053305455
0.7882240441290702
0.7998020761297064
0.8123539783869465
0.8374507652249732
0.8701908793534991
0.8130581012643694
0.8143391741398551
