0.8598855582644314
0.7805298342236492
0.8595936695388676
0.7849700463684357
0.8266246058404624
0.8289508966106266
0.8785744171338775
0.7878858593815059
0.8363967876508894
0.8302056196438002
0.7941580517825458
0.7952549879926736
0.7931313982029465
0.8679585683218828
0.8788189927100822
0.8502710207170854
0.8232688766141035
0.782167378939681
0.87816037510032
0.8143188882097978
0.83821615652629
0.8050795937865773
0.8577463754743594
0.788435629726535
0.8014857034634808
0.7805211881602546
0.8647658926343947
0.7832922231403344
0.7951612897886224
0.8530201210062937
