0.9771345942031826
0.8036315951893658
0.6622817092471063
1.009049025573427
0.8896487243239133
0.757896617872772
0.7116077488483203
0.78000447193407
0.9853449312617049
0.7933344761306425
0.6567619466066902
1.0467809883678445
0.9456052731511168
0.6650402612394506
0.8491087883446287
1.0367071182255696
0.8216245778209031
0.7306402273023221
0.7634105250158344
1.0527271455230163
0.7908889437722765
0.6913149707184666
0.8357340837632734
0.7899855641357227
1.0750969885457569
0.6954710552480048
1.0347386454887073
0.7436705512213018
0.9156721035535509
0.6720863419185241
