0.8747902804207522
0.8613871644710874
0.8873423439825026
0.9753388105245051
0.8058020617988959
0.8724684986525908
0.7647660849886727
0.9898849326132553
0.8578646732843765
0.8950507962258276
0.8395434988701498
0.8566975585802399
0.929065592306512
0.7651529259114616
0.8019425948565723
0.886581842267871
0.908430145185754
0.9600007784377773
0.8612204746996157
0.9129580462346096
0.8429618089978271
0.9158586966769131
0.8871006973987018
0.9403924736476151
0.9157806870052765
0.9381578045347151
0.7923473741256043
0.966571619139467
0.9515706612497693
0.8227120878130677
