20.13542664071972
44.233914075689015
27.149184939273844
55.22307700066177
32.75345067119189
57.92683140388485
58.079084182999445
37.06920946286668
46.25588540988745
30.505259024374386
56.28494266603936
35.25526055713902
49.16666789869818
53.5829217301432
47.17835376129279
59.98713746434544
30.11386244982155
30.10966072841488
28.80390091893873
55.9999671094343
20.337952439451794
37.44788381991369
28.570803515716094
44.688250773153726
39.07346043276589
35.85094639848716
57.28054265186179
41.40555608721456
23.358151736523403
23.876219161492575
