8.706158708386832
6.211926515169359
5.674708420682185
5.135610481172101
13.46386261288247
5.30350532809488
10.937577636377533
14.632271398741539
12.646856706870626
8.0771163183541
14.568240139415662
13.704052668179415
10.814337375979559
8.923267239256365
10.619964700643115
8.184467104867554
5.117858734491641
13.518451707402292
12.863496473714727
13.948245038172852
6.121986148297301
8.330079991497499
9.32424018261088
6.736350928987536
5.460478727842651
6.210913159183605
9.893918399293362
11.412330425692838
11.829407917325884
13.827529071081955
