0.8646510576413603
0.8062992241986032
0.7960192862914244
0.7944498794092865
0.9304559642517614
0.8900647485260882
0.9181423661423813
0.9096496369796069
0.8336642869624707
0.9242506796149673
0.9203624310385702
0.8000414663971761
0.8053462042824532
0.8353588802982056
0.8853401010856033
0.9273815686564931
0.9230619259150219
0.9163526717890038
0.9324011807413977
0.9016686121605644
0.9208534331626403
0.9020954643421052
0.9309044430695885
0.9150978290078511
0.8211049560154511
0.7982700491124777
0.8423656041670743
0.9031846190038236
0.9223437527549646
0.9214251226015523
