8.931792214088233
10.617861813093416
9.956180390100322
9.338962147950578
8.4078058153965
14.014549164775325
7.509547508326968
12.661438778042978
9.476277556697983
6.353442558803978
12.318202843100554
13.025125079762391
13.731724925250443
14.559906488447487
12.536079257116686
6.757707704430471
5.787422471191214
7.018108758251861
8.38472156770352
6.506675455336358
11.80262641932852
13.367134720875775
7.885058318351266
9.744774528406904
5.36938317710658
7.292174441060379
14.761119232355956
10.801804797073174
11.561484195542942
5.852862487304472
6.173768927220946
13.997412994739511
12.849067039833514
13.551287688430737
10.499200532134367
5.067518642878683
10.174609120471198
11.238169488207916
11.15207298846157
12.125769608933766
8.001287538640447
8.760023389087472
9.083914496807209
5.463823668798039
10.23346643870794
7.766800813492325
14.994850900746503
6.880002759371048
11.797703718026723
14.34416612063499
