0.08360237675393055
0.007130093813606543
0.04135410255588689
0.029299596747137068
0.08261803604327654
0.01317153872879535
0.032898583346097715
0.035689470708768774
0.06704426992608094
0.07490944882269038
0.02362454706287185
0.08759260685158252
0.054886534567573246
0.0523166270790384
0.047128066010061836
0.047950871172738475
0.06882482890151345
0.04214596222894549
0.06230645486923213
0.06430847082974968
0.07857820137111919
0.033323194103912004
0.04442665900218443
0.08099753655674942
0.07104628006024657
0.014934332809965978
0.004848651789312183
0.0025385795097960673
0.02167059342719436
0.025454575284180502
0.05033703057136105
0.015279674553046012
0.03999877431058516
0.06572174409517516
0.017280139464636496
0.05342385382401535
0.06099794099489632
0.07357173390674217
0.026437117127962883
0.037574928636233115
0.03009748687863827
0.018998784948681065
0.05928659151997327
0.05665330067805112
0.08825922294340932
0.010892002792896857
0.08605350539084754
0.07659264763885255
0.003925519274584891
0.009898420068839089
