0.07928455935588441
0.049937114210852576
0.04427506499219154
0.021904607656042283
0.018265260639463182
0.20083985328963505
0.2779228407436946
0.06816039385305174
0.2727763762458759
0.06791296431759992
0.26680970601475806
0.16067341907493476
0.12482038766554023
0.18926737892784753
0.2737636914848268
0.0877201697907815
0.23945750117946768
0.13233952741756444
0.1973275136641149
0.03451508408137958
0.07379235935163227
0.2750783065400215
0.1658668208021677
0.13943138424458562
0.2553149507679402
0.0030402464135105773
0.05138587091819593
0.01647668107328235
0.2331039780822827
0.2548538663263765
