55.29519632091891
41.14413609556529
49.08579529899578
31.13842444330735
28.37575476187747
31.69779216197751
35.242813485616296
51.110651206372324
20.553251156890525
43.3166739308205
39.73998805629391
53.97594199425938
23.72126836850215
21.7611772939026
47.323254746392784
30.132185153540576
33.23360965664328
29.5269997369274
44.27094059083893
33.99469406786948
51.85593210130756
34.978744806319234
43.108922669314026
41.75504385388653
56.52250609276096
46.4434907131794
21.543457302361546
53.27652597804872
24.596818832232618
59.71491115382388
38.52882675131716
25.860100008481247
26.928499592807103
55.09099488176884
45.99689649599746
27.350102606529198
38.25888689143798
57.50620647019599
40.72120969052067
36.584994793730914
49.695187826235546
32.70657666203707
37.395100992162995
25.139852382709186
45.33636089134316
23.17131828467022
59.05946358528648
48.12211084413424
57.9900641965039
52.00965479191264
