0.9214842288167426
0.8600373955998258
0.929020141906583
0.8278219051475098
0.8840009632018985
0.9754038770604946
0.834328423041844
0.9610577411412844
0.8556875084703017
0.8241311613600907
0.9434523812691572
0.8022271114498314
0.9846287552988896
0.7474706684223115
0.9035874950473906
0.7623900778002969
0.8859724318133217
0.7528222609856402
0.7974576664636646
0.840824702971459
0.9424351898622852
0.9102238427028959
0.9175052975644025
0.735233547773571
0.8169420561822047
0.8681795143511304
0.9872476425849825
0.8466808058437347
0.8932802649432239
0.876048145666482
0.9523607528230174
0.7896757099546567
0.9351278003332788
0.7740794391624165
0.8971678546264727
0.7366686363788388
0.7300717362871356
0.7893280922452397
0.7839013637699915
0.8700700706005242
0.8056292147547919
0.8123263244015247
0.7680041443108118
0.9558979218727637
0.7455074178295971
0.7712921548911533
0.8483862584158559
0.9644555744478842
0.9726554092938016
0.9137969514297708
