0.00026827027837179353
0.0002021448031198084
0.00047013826348887497
0.0004906931052331414
0.0004239590778023177
0.000505779709226129
0.00033477783870500445
0.0004921753658913405
0.0003654981263757062
0.0004302589013478596
0.00024986581974221166
0.0005380129987329921
0.0005804707109864655
0.00043881077286134776
0.0005589938398112527
0.000596602601159899
0.00032560049484853086
0.0005076607000069066
0.00023494555702866627
0.0004286486338004107
0.00034789109234761325
0.00036845405448243256
0.0002930172371226155
0.00032420716355288735
0.0005155216634117446
0.0005093581330372485
0.00023872684224191204
0.0005195779320140302
0.0005495983770104993
0.0005999564328494849
