0.4391603250375186
0.6695350123524322
1.4951303547975172
1.3318345111318628
2.395110189546227
3.854046588827337
3.451416555078164
1.9322421295781114
0.7506428592692569
0.2078263866243615
1.8095700632276877
3.8044420742900886
2.3472246239681307
2.929921070685345
0.2293284876008736
0.8565170877090638
1.5490749641080195
2.2676757056788186
0.45902622615654115
0.20669204438864214
3.9682595681226536
0.28169714963501097
0.2026242744913521
1.8023720795565628
2.3585104505252548
0.5239337007203819
1.9989158776571818
1.4331065139783912
0.7090543122172499
3.2544836707169007
