0.0004979146623508475
0.0003792581423728515
0.0003731354325195457
0.00034209703283454793
0.00028526410454246347
0.0005554054708231098
0.0005417235644212775
0.0004150360201093987
0.0002716590663392919
0.00048241931369996487
0.0002928808759367081
0.00026751080669475423
0.0005621813271040063
0.0004183810707798999
0.0005026337939147469
0.0003720208424037782
0.0005513465127810265
0.0003295367811966919
0.0002460386510139939
0.00035217684953552336
0.00041033983806539097
0.0005941717529149655
0.00048543511478904555
0.0005975729019719069
0.00029362686435170773
0.0004838679215361879
0.00033057428308771856
0.0004211614577313809
0.00046632964643076084
0.00030022261587865076
0.0005884445915454178
0.0004395104855669284
0.0004932166628179286
0.00046966520308927486
0.0004128716405377954
0.0005280333382564055
0.0005387334024719678
0.0002928101069926661
0.00022154662224715493
0.00035894788418611157
0.00028093763601438383
0.0003661556924635384
0.0004672443718383159
0.0005504032041576785
0.00041278987136139715
0.0004988745225416164
0.0005279793715045858
0.0005774515148071836
0.0004943018990038142
0.0003483165983581833
