0.7148601366298154
0.674898836912184
0.5571315681313802
0.949573524362377
0.8700489306469974
0.5932621540193219
1.0417770686178298
0.751809811410975
0.7348215272184624
0.855283145721437
0.5245462945666308
0.6436867985458095
0.4230177391282758
0.5806431850804297
0.6614354606781228
0.6498472041293109
0.533484495840828
0.48997823336314544
0.7667317777039411
0.9300656581742436
0.5733425948579682
0.45054190019497864
0.9949607459331161
0.6287991764230054
1.0297699886814295
0.9742267853791814
0.8513633413793363
0.9206206139983609
0.7065205167920907
0.4114138409242737
0.9939712808641965
0.8207544871455368
0.7898752041757566
0.82612052467922
0.502792123272344
0.8976982084941726
0.8001275420376568
0.3940324763958142
0.3590893198357825
0.5040677007736353
0.36674028908181106
0.6141868923970815
0.9595682610498304
0.4656284778781533
0.7746451980309655
0.6987811536762413
1.0120625111864818
0.4477757801181084
0.892092369827685
0.3803419905477251
