1.075877868646488
1.0266671433596242
0.9938568511107522
0.9615962209629527
0.9186455711375087
0.8898066035801084
0.7030830916007261
0.8541856362654723
0.9908095476441244
0.9498559657653073
0.7692593858113923
0.822092527923469
0.7781698024797741
0.6664239901296511
0.8059010952603959
0.6820884600545294
0.830713434573447
1.0417350382722226
0.9038629331505887
0.7215998890463042
0.9304480660339973
0.7396710858907145
1.061989029792491
0.6907732906156984
0.9424798321598923
0.8134057684943208
0.975474508762133
0.8699638903877165
0.7076124858347085
0.764409193532115
0.8012511110343686
1.033797710244679
0.7877248905566976
0.8827469658219822
0.6540962344927351
0.7458299828539536
0.6631667302814597
0.8445331221121036
0.9695919139903608
0.6743672984082951
0.7265876522894479
0.9379894338879188
1.053000827488059
1.0556315654119444
1.016442653310676
1.0044298128939317
0.8593015759719937
0.7584988981641684
0.8800842753303522
0.9091064639045938
