0.03313140222179113
0.022871441736065163
0.10510825103499957
0.08371347425710166
0.023404165543885642
0.14662273012997695
0.03483205811952143
0.025126803921012856
0.046134272686131
0.13542842859275084
0.1450332307173084
0.035480502386105436
0.03690466743395532
0.021290857728359158
0.0387436604766582
0.04793615382376143
0.05329147245821873
0.13971170860705598
0.05723855355761237
0.14992016241343123
0.13799002751269052
0.03217769570902088
0.14767899325210873
0.1489549725498921
0.020366972067346303
0.02143494191129981
0.025772814164046
0.022360533238450754
0.14117130102852438
0.04081742927910313
