3.0436702112234535
3.633573892319111
2.768113281698426
3.2377501646144276
1.7478870421425823
1.5192624161825803
3.4889433653347104
3.550118602706099
2.882446402910261
3.2007590771020293
3.589663249541129
2.002397052276082
2.8899463493072055
3.5334596091039687
3.90922963677227
2.752551075714674
3.3196632725612867
3.025957914020713
3.746630933921258
3.1695641980354967
3.8704280266007594
3.0878296813175052
3.7038877233832364
3.2542241164256924
2.8543403188577865
1.0744996977961072
3.859223322558849
2.5351217236490173
3.739312345073802
2.8791800172066804
3.0491355041557973
3.9562086682861413
3.902647145638826
3.3600078980789228
3.7927091593014923
3.5886624432235337
2.4857180241334778
2.994569647233199
1.8485038049603364
2.2505392598147766
3.916413770053836
3.6507549119638885
3.724961341310823
3.83771704873673
3.5557411606085703
2.837494120111899
2.8312237676832037
3.775809272955162
0.9720920113706224
1.3810527603255516
