0.2409765208295309
0.08280391766330286
0.0947249120599255
0.19967297885849042
0.1740421873031965
0.2786503345870846
0.1122907470122633
0.1415248941744357
0.06725219309831104
0.07279447327444431
0.2276327918370784
0.2059560758533268
0.1288771044129391
0.09972730424226303
0.027657587910388796
0.21257237402522608
0.18369517447884315
0.194817921134956
0.05792776519762223
0.10699007803890861
0.16712387671255943
0.25900483204797714
0.1473046637563597
0.12057287580320294
0.03870054619610891
0.185985371037952
0.13415737449819135
0.2519481112840007
0.25621541795059277
0.007891255642843112
0.2714278695645148
0.11647432052001747
0.1404873777361997
0.2667169413287512
0.01835770637211307
0.022468380916903903
0.1552672152227953
0.21333271604476547
0.05667998674077185
0.048481294738217315
0.22222002940713353
0.23460318969393879
0.09017019917844732
0.07562009601409761
0.16226343698884577
0.17521270625458618
0.041139391719840795
0.2452489048845518
0.006179546814589182
0.03507336270496134
