0.02107306924173857
0.006855784976472907
0.03380619016761391
0.014099044224182379
0.0012735929073286632
0.052117079961129645
0.037166249995723814
0.07931226784289794
0.056968243852330167
0.014462882026894115
0.08309774235684428
0.008341368189585818
0.00123435316920702
0.0036887081125693303
0.08013725886557158
0.04129919489795162
0.019966635451334334
0.005392857581005771
0.03828958706212032
0.04290446732254027
0.06731839028902444
0.06009318589056819
0.0295097771218538
0.009532669578252186
0.03268272912402681
0.022069818177811645
0.011743251145292413
0.013739618738946802
0.08288511875614256
0.006013118395379096
