0.8960709108013708
0.6011166570259519
0.35320923557573797
0.7057627417124173
1.0009332569972678
0.39610135039708716
0.804530117712507
1.045075541553905
0.3682721418099552
0.4454740615427323
0.9040906390016641
0.5644100909262245
0.6362840149732448
0.6947183853425181
0.8820570875528959
0.6110955642749627
0.44930398870064664
0.3733827605078104
0.3555440723298377
0.4558259902519646
0.666697268504056
1.0362779692310635
0.4137314041332206
1.0124993688094077
0.5309732833282494
0.539223006477495
0.6277574736635243
0.5748317387855812
0.3635394084609177
0.4318150824745388
