0.012442024675215664
0.04710283517279821
0.04931922102233444
0.04245746697938487
0.016413541150350687
0.010382633502044328
0.01953006893112573
0.011603061104059443
0.04972462578356565
0.031285415522809876
0.027869105090863565
0.04114596827526125
0.04852767600023743
0.04509896703093286
0.014986039826747349
0.010103858421726597
0.012114720289997122
0.025162796682364333
0.0117342763268761
0.02326286473133381
0.02132895139338504
0.012268259659704347
0.02580547886307237
0.04982590386575196
0.04883682943104653
0.041338411079041244
0.047690793152598554
0.020787694426733252
0.015533293394761543
0.014045639975706646
