0.0004888408116649745
0.0003220730928161874
0.0004534199194295972
0.00015466926153339842
0.00014788819204326927
6.326332960411945e-05
7.25252246820286e-05
0.00011453488103054822
0.0004451269131915486
9.321451863608484e-05
0.0003062681833383071
0.0005677631776308602
0.0005434781796179125
6.408770704408506e-05
0.0005242176980528591
0.00018793517558751558
0.0001255414736018092
0.0005998982958992671
9.593266337384808e-05
0.0004917082812187567
0.0005987660323699237
0.0005966814473498537
0.0002473226877530348
7.523716387542947e-05
0.0005003784176031585
0.0005870954593552307
9.53652055492529e-05
0.0005887518764559406
7.52144546056869e-05
6.603995031645408e-05
