1.1786312552312732
1.1557083691692533
1.190240505097711
0.9180754529583294
0.8784150399462679
1.1701070590281883
0.8955184722893684
0.9541031254431793
1.188435643755208
1.1354376061106592
0.9043867591199033
1.1531365594176521
0.9071929307125277
1.1404730477104394
1.1766621162824176
0.9052486008721062
0.8749766932633583
0.89250463609288
0.8647786429816757
1.1379673350826003
0.884318791657756
0.869264203536647
0.8810745247373257
0.8802539442679022
0.9265532262540866
1.0932085132507003
1.1784170601553539
0.8908541422515561
1.1223919151522928
0.8574728849080853
