0.00027773416774785296
0.0006304300903976741
0.0003721944917191878
0.0003249058110650794
0.0001636113826116183
0.00020494712087725805
0.00013220919692937886
8.586124875162933e-05
0.00030673113769788963
0.000136954848044197
0.00012586644414992423
0.00019612576354398797
0.0006645912970959688
0.00016666144086928923
0.0003296156961286193
0.00011398766360309239
0.00018391628534671295
0.00012014370654147714
0.00010877560012013219
0.0002677450832822637
0.0001499769857501299
0.00036943206993964316
0.0002325509715837274
9.485389405181025e-05
0.0006409405151424171
0.00033730329234417746
0.0003120859114204818
0.000532568037989577
0.00017589883405218898
0.00021740101369869478
