8532.50666951949
2074.0665390440954
9954.80650943522
9944.354588955375
9837.490813812463
6983.174761468643
9721.43816407847
7365.138834776314
8583.122264708585
5738.649422657896
9440.2067834266
4264.784895352538
1939.8620943061794
6785.709849420542
9782.47604895279
10009.350649439404
9091.316429895625
7138.277817965194
8869.568051131817
9771.60499306888
4467.853838871717
3895.6047067459776
9040.096133544122
9054.247472055938
2851.216892333885
10244.38419547628
10355.316794170281
1981.2189739942876
6029.003248598854
8301.618137430374
