0.6200020369610444
0.7291062368122803
0.6263062284099006
0.716913093895874
0.6944022295425618
0.6125759106184417
0.6636513895351244
0.6104754073287659
0.616064699137518
0.6082177672486402
0.6615750036018224
0.6739394914735315
0.756040996024613
0.6071577326588949
0.6423299701120951
0.6723992581029972
0.7096337246712163
0.7193614677689523
0.6845494371975115
0.6286780565056371
0.7219493729325909
0.7534297241085703
0.7106111040188974
0.6763376650230806
0.7537705714456986
0.6798847164354792
0.6273743695951692
0.7772345791947275
0.6218440365647055
0.7159374623765097
