7.666987802138641e-05
0.0002619620954159845
5.254046546905536e-05
6.94862989076935e-05
0.00010773395448409856
0.00014725604166264774
6.289251521481004e-05
5.024821132016393e-05
5.413284180781949e-05
0.00013651471246349184
5.406026256337348e-05
0.0002439568582667418
0.00023421171198184274
6.444575241498817e-05
7.034458694610816e-05
5.1944931430790226e-05
7.510375594681827e-05
0.00020382468158222183
0.00013765438825638938
5.003166630620848e-05
0.00026371464516523164
0.00026200825417371326
6.239829019214381e-05
7.466034674320202e-05
0.00025755333293354834
5.0733040314596974e-05
5.149839864214033e-05
0.00022268164753006564
5.746381971741145e-05
9.670970634902804e-05
